100 0 1 2 3 4 5 6 7 8 9 10 11 12 13 14 15 16 17 18 19 20 21 22 23 24 25 26 27 28 29 30 31 32 33 34 35 36 37 38 39 40 41 42 43 44 45 46 47 48 49 50 51 52 53 54 55 56 57 58 59 60 61 62 63 64 65 66 67 68 69 70 71 72 73 74 75 76 77 78 79 80 81 82 83 84 85 86 87 88 89 90 91 92 93 94 95 96 97 98 99 
44 100 101 103 104 106 107 108 110 112 114 115 120 129 130 135 139 140 142 145 149 151 156 157 158 161 162 164 165 167 170 171 174 175 176 180 183 185 188 190 192 193 194 195 199 
56 102 105 109 111 113 116 117 118 119 121 122 123 124 125 126 127 128 131 132 133 134 136 137 138 141 143 144 146 147 148 150 152 153 154 155 159 160 163 166 168 169 172 173 177 178 179 181 182 184 186 187 189 191 196 197 198 
8 200 201 214 217 240 250 278 288 
10 202 206 207 212 219 224 254 268 292 298 
8 203 208 225 237 244 249 262 293 
8 204 210 211 239 252 256 261 294 
8 205 226 233 255 257 289 296 297 
8 209 215 216 230 247 264 283 284 
7 213 265 269 274 279 281 282 
6 218 229 241 251 260 272 
6 220 231 258 270 275 295 
8 221 222 234 238 246 253 259 273 
6 223 276 280 285 287 291 
6 227 232 235 242 277 290 
6 228 236 248 263 266 299 
5 243 245 267 271 286 
2 300 314
2 301 351 
2 302 391 
12 303 304 306 308 310 316 325 342 347 348 356 361 
2 305 315 
2 307 399 
2 309 320 
2 311 396 
2 312 385 
6 313 336 355 357 373 377 
2 317 388 
2 318 376 
2 319 358 
2 321 390 
2 322 360 
2 323 338 
2 324 370 
2 326 395 
2 327 353 
2 328 345 
2 329 354 
2 330 352 
2 331 363 
2 332 334 
2 333 371 
2 335 384 
2 337 359 
2 339 382 
2 340 381 
2 341 379 
2 343 397 
2 344 387 
2 346 380 
2 349 389 
2 350 375 
2 362 398 
2 364 383 
2 365 368 
2 366 374 
2 367 378 
2 369 394 
2 372 392 
2 386 393 