0 1 0 0
0 15 0 0
0 23 0 0
0 36 0 0
0 42 0 0
0 46 0 0
0 52 0 0
0 70 0 0
0 97 0 0
1 5 0 0
1 15 0 0
1 19 0 0
1 24 0 0
1 42 0 0
1 49 0 0
1 54 0 0
1 61 0 0
1 68 0 0
1 74 0 0
1 79 0 0
1 85 0 0
1 95 0 0
2 8 0 0
2 21 0 0
2 25 0 0
2 34 0 0
2 38 0 0
2 52 0 0
2 57 0 0
2 66 0 0
2 79 0 0
2 84 0 0
2 92 0 0
3 4 0 0
3 11 0 0
3 18 0 0
3 24 0 0
3 32 0 0
3 37 0 0
3 44 0 0
3 53 0 0
3 61 0 0
3 67 0 0
3 72 0 0
3 83 0 0
3 96 0 0
4 7 0 0
4 13 0 0
4 26 0 0
4 35 0 0
4 51 0 0
4 57 0 0
4 66 0 0
4 70 0 0
4 77 0 0
4 85 0 0
4 92 0 0
4 96 0 0
5 6 0 0
5 13 0 0
5 23 0 0
5 27 0 0
5 35 0 0
5 40 0 0
5 49 0 0
5 55 0 0
5 68 0 0
5 74 0 0
5 82 0 0
5 88 0 0
5 94 0 0
6 10 0 0
6 17 0 0
6 25 0 0
6 40 0 0
6 49 0 0
6 56 0 0
6 63 0 0
6 69 0 0
6 85 0 0
6 90 0 0
6 99 0 0
7 28 0 0
7 37 0 0
7 43 0 0
7 53 0 0
7 62 0 0
7 68 0 0
7 74 0 0
7 86 0 0
7 92 0 0
8 23 0 0
8 33 0 0
8 39 0 0
8 59 0 0
8 70 0 0
8 75 0 0
8 91 0 0
9 10 0 0
9 14 0 0
9 24 0 0
9 36 0 0
9 45 0 0
9 50 0 0
9 54 0 0
9 71 0 0
9 79 0 0
9 88 0 0
9 92 0 0
9 97 0 0
10 20 0 0
10 26 0 0
10 32 0 0
10 39 0 0
10 44 0 0
10 49 0 0
10 57 0 0
10 65 0 0
10 72 0 0
10 78 0 0
10 84 0 0
10 97 0 0
11 35 0 0
11 44 0 0
11 70 0 0
11 81 0 0
11 92 0 0
11 97 0 0
12 15 0 0
12 20 0 0
12 24 0 0
12 31 0 0
12 36 0 0
12 41 0 0
12 51 0 0
12 58 0 0
12 66 0 0
12 77 0 0
12 81 0 0
12 96 0 0
13 18 0 0
13 32 0 0
13 36 0 0
13 45 0 0
13 49 0 0
13 53 0 0
13 58 0 0
13 70 0 0
13 77 0 0
13 82 0 0
13 91 0 0
13 96 0 0
14 20 0 0
14 35 0 0
14 42 0 0
14 46 0 0
14 50 0 0
14 56 0 0
14 71 0 0
14 75 0 0
14 81 0 0
14 85 0 0
14 98 0 0
15 18 0 0
15 23 0 0
15 28 0 0
15 44 0 0
15 49 0 0
15 58 0 0
15 64 0 0
15 74 0 0
15 78 0 0
15 83 0 0
15 95 0 0
16 19 0 0
16 25 0 0
16 29 0 0
16 42 0 0
16 53 0 0
16 57 0 0
16 63 0 0
16 69 0 0
16 93 0 0
17 28 0 0
17 43 0 0
17 53 0 0
17 60 0 0
17 65 0 0
17 84 0 0
17 89 0 0
17 97 0 0
18 28 0 0
18 37 0 0
18 49 0 0
18 57 0 0
18 61 0 0
18 68 0 0
18 82 0 0
18 91 0 0
18 97 0 0
19 22 0 0
19 27 0 0
19 42 0 0
19 47 0 0
19 57 0 0
19 73 0 0
19 79 0 0
19 84 0 0
20 23 0 0
20 48 0 0
20 57 0 0
20 63 0 0
20 70 0 0
20 74 0 0
20 79 0 0
21 22 0 0
21 33 0 0
21 51 0 0
21 56 0 0
21 73 0 0
21 77 0 0
21 87 0 0
21 91 0 0
22 23 0 0
22 44 0 0
22 52 0 0
22 59 0 0
22 64 0 0
22 69 0 0
22 76 0 0
22 95 0 0
23 27 0 0
23 33 0 0
23 39 0 0
23 58 0 0
23 62 0 0
23 82 0 0
23 88 0 0
23 97 0 0
24 26 0 0
24 31 0 0
24 41 0 0
24 48 0 0
24 54 0 0
24 66 0 0
24 79 0 0
24 84 0 0
25 34 0 0
25 43 0 0
25 53 0 0
25 59 0 0
25 87 0 0
26 53 0 0
26 57 0 0
26 69 0 0
26 73 0 0
26 88 0 0
26 95 0 0
27 30 0 0
27 35 0 0
27 59 0 0
27 70 0 0
27 78 0 0
27 89 0 0
28 34 0 0
28 39 0 0
28 43 0 0
28 48 0 0
28 57 0 0
28 63 0 0
28 67 0 0
28 76 0 0
28 80 0 0
28 84 0 0
28 90 0 0
29 32 0 0
29 37 0 0
29 45 0 0
29 59 0 0
29 63 0 0
29 76 0 0
29 91 0 0
30 34 0 0
30 48 0 0
30 52 0 0
30 64 0 0
30 77 0 0
30 81 0 0
30 85 0 0
31 46 0 0
31 50 0 0
31 57 0 0
31 90 0 0
32 33 0 0
32 40 0 0
32 48 0 0
32 53 0 0
32 65 0 0
32 88 0 0
32 98 0 0
33 36 0 0
33 42 0 0
33 50 0 0
33 58 0 0
33 68 0 0
33 73 0 0
33 78 0 0
33 88 0 0
33 99 0 0
34 39 0 0
34 55 0 0
34 78 0 0
34 93 0 0
35 44 0 0
35 52 0 0
35 67 0 0
35 75 0 0
35 82 0 0
35 94 0 0
36 38 0 0
36 42 0 0
36 58 0 0
36 68 0 0
36 74 0 0
36 85 0 0
36 92 0 0
36 96 0 0
37 55 0 0
37 80 0 0
37 84 0 0
37 93 0 0
38 43 0 0
38 50 0 0
38 69 0 0
38 77 0 0
38 87 0 0
38 99 0 0
39 45 0 0
39 49 0 0
39 59 0 0
39 70 0 0
39 80 0 0
39 86 0 0
39 95 0 0
40 41 0 0
40 56 0 0
40 61 0 0
40 79 0 0
40 88 0 0
40 93 0 0
41 44 0 0
41 52 0 0
41 57 0 0
41 70 0 0
41 75 0 0
41 90 0 0
41 96 0 0
42 44 0 0
42 62 0 0
42 77 0 0
42 93 0 0
43 48 0 0
43 57 0 0
43 64 0 0
43 68 0 0
43 73 0 0
43 78 0 0
43 89 0 0
43 93 0 0
44 51 0 0
44 72 0 0
44 76 0 0
44 83 0 0
44 96 0 0
45 62 0 0
45 71 0 0
45 78 0 0
45 88 0 0
45 93 0 0
46 48 0 0
46 56 0 0
46 61 0 0
46 80 0 0
46 87 0 0
47 49 0 0
47 62 0 0
47 71 0 0
47 78 0 0
47 87 0 0
47 91 0 0
47 96 0 0
48 53 0 0
48 65 0 0
48 71 0 0
48 84 0 0
48 90 0 0
49 52 0 0
49 60 0 0
49 69 0 0
49 74 0 0
49 80 0 0
50 55 0 0
50 59 0 0
50 64 0 0
50 72 0 0
50 88 0 0
50 92 0 0
51 52 0 0
51 57 0 0
51 63 0 0
51 79 0 0
51 96 0 0
52 54 0 0
52 58 0 0
52 64 0 0
52 73 0 0
52 84 0 0
52 89 0 0
52 94 0 0
53 60 0 0
53 65 0 0
53 72 0 0
53 76 0 0
53 85 0 0
53 92 0 0
54 56 0 0
54 62 0 0
54 71 0 0
54 76 0 0
54 80 0 0
54 86 0 0
54 96 0 0
55 58 0 0
55 67 0 0
55 71 0 0
55 75 0 0
55 80 0 0
55 91 0 0
56 59 0 0
56 66 0 0
56 72 0 0
56 79 0 0
56 86 0 0
56 91 0 0
56 98 0 0
57 68 0 0
57 77 0 0
57 82 0 0
57 92 0 0
57 98 0 0
58 61 0 0
58 67 0 0
58 75 0 0
58 80 0 0
58 94 0 0
59 68 0 0
59 80 0 0
59 86 0 0
59 92 0 0
60 65 0 0
60 73 0 0
60 84 0 0
61 63 0 0
61 70 0 0
61 87 0 0
61 97 0 0
62 66 0 0
62 77 0 0
62 83 0 0
62 89 0 0
62 94 0 0
63 68 0 0
63 91 0 0
64 65 0 0
64 71 0 0
64 76 0 0
64 87 0 0
64 92 0 0
65 70 0 0
65 76 0 0
65 81 0 0
65 88 0 0
65 93 0 0
65 99 0 0
66 76 0 0
66 95 0 0
67 72 0 0
67 78 0 0
67 83 0 0
67 90 0 0
68 74 0 0
68 79 0 0
68 97 0 0
69 76 0 0
69 93 0 0
70 73 0 0
70 82 0 0
70 91 0 0
70 96 0 0
71 73 0 0
71 77 0 0
71 81 0 0
71 93 0 0
72 75 0 0
72 81 0 0
72 85 0 0
72 90 0 0
73 79 0 0
73 86 0 0
73 99 0 0
74 81 0 0
74 97 0 0
75 92 0 0
75 96 0 0
76 77 0 0
76 87 0 0
76 97 0 0
77 83 0 0
77 87 0 0
77 95 0 0
78 88 0 0
78 94 0 0
79 80 0 0
79 84 0 0
80 81 0 0
80 87 0 0
80 92 0 0
81 85 0 0
81 98 0 0
82 87 0 0
82 92 0 0
82 97 0 0
83 96 0 0
84 86 0 0
84 92 0 0
85 91 0 0
86 87 0 0
86 99 0 0
87 93 0 0
88 98 0 0
89 92 0 0
90 92 0 0
91 94 0 0
92 97 0 0
93 99 0 0
95 99 0 0
0 11 0 1
0 20 0 1
0 40 0 1
0 56 0 1
0 61 0 1
0 76 0 1
0 87 0 1
0 99 0 1
1 52 0 1
1 59 0 1
1 70 0 1
1 83 0 1
1 93 0 1
2 3 0 1
2 23 0 1
2 36 0 1
2 60 0 1
2 73 0 1
2 82 0 1
2 90 0 1
3 9 0 1
3 15 0 1
3 28 0 1
3 42 0 1
3 55 0 1
3 65 0 1
3 76 0 1
3 90 0 1
4 5 0 1
4 15 0 1
4 22 0 1
4 49 0 1
4 68 0 1
4 83 0 1
5 8 0 1
5 16 0 1
5 47 0 1
5 59 0 1
5 76 0 1
5 86 0 1
6 15 0 1
6 54 0 1
6 67 0 1
6 75 0 1
6 82 0 1
6 93 0 1
6 97 0 1
7 11 0 1
7 33 0 1
7 40 0 1
7 51 0 1
7 78 0 1
7 82 0 1
7 96 0 1
8 27 0 1
8 36 0 1
8 45 0 1
8 57 0 1
8 73 0 1
8 79 0 1
8 89 0 1
8 98 0 1
9 16 0 1
9 28 0 1
9 34 0 1
9 43 0 1
9 56 0 1
9 61 0 1
9 81 0 1
9 85 0 1
10 18 0 1
10 37 0 1
10 55 0 1
10 61 0 1
10 74 0 1
10 93 0 1
11 19 0 1
11 32 0 1
11 39 0 1
11 57 0 1
11 67 0 1
11 76 0 1
11 90 0 1
11 99 0 1
12 26 0 1
12 39 0 1
12 48 0 1
12 62 0 1
12 79 0 1
12 90 0 1
13 26 0 1
13 38 0 1
13 43 0 1
13 55 0 1
13 68 0 1
13 89 0 1
14 17 0 1
14 33 0 1
14 44 0 1
14 52 0 1
14 73 0 1
14 83 0 1
14 89 0 1
14 96 0 1
15 30 0 1
15 34 0 1
15 39 0 1
15 46 0 1
15 76 0 1
15 89 0 1
16 23 0 1
16 33 0 1
16 39 0 1
16 55 0 1
16 65 0 1
16 71 0 1
16 79 0 1
16 83 0 1
16 96 0 1
17 49 0 1
17 62 0 1
17 70 0 1
17 77 0 1
17 87 0 1
17 95 0 1
18 26 0 1
18 39 0 1
18 59 0 1
18 70 0 1
18 84 0 1
18 95 0 1
19 25 0 1
19 35 0 1
19 50 0 1
19 63 0 1
19 67 0 1
19 81 0 1
19 98 0 1
20 26 0 1
20 40 0 1
20 45 0 1
20 55 0 1
20 77 0 1
20 91 0 1
21 28 0 1
21 47 0 1
21 68 0 1
21 85 0 1
21 94 0 1
21 98 0 1
22 31 0 1
22 46 0 1
22 54 0 1
22 62 0 1
22 71 0 1
23 36 0 1
23 43 0 1
23 48 0 1
23 60 0 1
23 72 0 1
24 28 0 1
24 46 0 1
24 52 0 1
24 62 0 1
24 81 0 1
24 92 0 1
24 96 0 1
25 63 0 1
25 69 0 1
25 83 0 1
26 31 0 1
26 55 0 1
26 66 0 1
27 28 0 1
27 39 0 1
27 49 0 1
27 62 0 1
27 74 0 1
27 87 0 1
27 99 0 1
28 41 0 1
28 54 0 1
28 65 0 1
28 78 0 1
28 87 0 1
28 98 0 1
29 40 0 1
29 51 0 1
29 67 0 1
29 80 0 1
29 87 0 1
29 97 0 1
30 50 0 1
30 71 0 1
30 87 0 1
30 95 0 1
31 35 0 1
31 40 0 1
31 48 0 1
31 62 0 1
31 71 0 1
31 77 0 1
31 95 0 1
32 50 0 1
32 59 0 1
32 76 0 1
32 86 0 1
32 93 0 1
33 38 0 1
33 48 0 1
33 84 0 1
34 37 0 1
34 44 0 1
34 58 0 1
34 67 0 1
34 73 0 1
35 41 0 1
35 50 0 1
35 64 0 1
35 78 0 1
35 87 0 1
35 92 0 1
35 99 0 1
36 44 0 1
36 52 0 1
36 60 0 1
37 40 0 1
37 47 0 1
37 77 0 1
38 46 0 1
38 54 0 1
38 60 0 1
38 67 0 1
38 81 0 1
38 89 0 1
39 76 0 1
39 88 0 1
39 98 0 1
40 47 0 1
40 58 0 1
40 73 0 1
40 81 0 1
41 50 0 1
41 59 0 1
41 72 0 1
41 81 0 1
42 48 0 1
42 70 0 1
42 83 0 1
42 95 0 1
43 55 0 1
43 76 0 1
43 91 0 1
43 97 0 1
44 49 0 1
44 60 0 1
44 67 0 1
44 74 0 1
44 81 0 1
44 87 0 1
44 99 0 1
45 54 0 1
45 68 0 1
45 82 0 1
45 90 0 1
46 51 0 1
46 78 0 1
47 53 0 1
47 67 0 1
47 94 0 1
48 49 0 1
48 61 0 1
48 69 0 1
48 78 0 1
48 97 0 1
49 67 0 1
49 77 0 1
49 89 0 1
49 93 0 1
49 98 0 1
50 61 0 1
50 69 0 1
50 76 0 1
50 96 0 1
51 61 0 1
51 75 0 1
51 84 0 1
51 89 0 1
51 98 0 1
52 60 0 1
52 68 0 1
52 78 0 1
52 98 0 1
53 62 0 1
53 78 0 1
54 58 0 1
54 64 0 1
54 82 0 1
54 88 0 1
55 60 0 1
55 69 0 1
55 82 0 1
55 89 0 1
55 96 0 1
56 63 0 1
56 76 0 1
56 88 0 1
57 58 0 1
57 84 0 1
57 94 0 1
58 63 0 1
58 72 0 1
58 87 0 1
59 61 0 1
59 71 0 1
59 78 0 1
59 88 0 1
60 61 0 1
60 75 0 1
60 99 0 1
61 89 0 1
61 93 0 1
62 72 0 1
62 85 0 1
62 98 0 1
63 77 0 1
63 81 0 1
63 93 0 1
64 74 0 1
64 90 0 1
65 68 0 1
65 79 0 1
65 86 0 1
66 68 0 1
66 89 0 1
66 97 0 1
67 86 0 1
67 99 0 1
68 82 0 1
68 92 0 1
69 72 0 1
69 83 0 1
69 96 0 1
70 71 0 1
70 78 0 1
70 87 0 1
70 93 0 1
71 75 0 1
72 83 0 1
73 96 0 1
74 79 0 1
75 82 0 1
75 98 0 1
76 93 0 1
77 79 0 1
77 99 0 1
78 92 0 1
79 86 0 1
80 85 0 1
80 98 0 1
82 83 0 1
82 95 0 1
83 99 0 1
84 94 0 1
85 88 0 1
85 96 0 1
86 94 0 1
87 95 0 1
88 96 0 1
89 97 0 1
90 97 0 1
93 96 0 1
96 98 0 1
0 8 1 1
0 29 1 1
0 35 1 1
0 50 1 1
0 64 1 1
0 75 1 1
0 86 1 1
0 98 1 1
1 11 1 1
1 16 1 1
1 25 1 1
1 33 1 1
1 51 1 1
1 92 1 1
2 12 1 1
2 26 1 1
2 44 1 1
2 49 1 1
2 64 1 1
2 78 1 1
2 93 1 1
3 10 1 1
3 26 1 1
3 39 1 1
3 49 1 1
3 57 1 1
3 69 1 1
3 81 1 1
4 29 1 1
4 42 1 1
4 50 1 1
4 69 1 1
4 82 1 1
5 7 1 1
5 14 1 1
5 20 1 1
5 26 1 1
5 39 1 1
5 67 1 1
5 75 1 1
6 11 1 1
6 37 1 1
6 44 1 1
6 66 1 1
7 12 1 1
7 24 1 1
7 31 1 1
7 38 1 1
7 46 1 1
7 67 1 1
7 77 1 1
7 93 1 1
7 99 1 1
8 12 1 1
8 19 1 1
8 29 1 1
8 40 1 1
8 47 1 1
8 58 1 1
8 74 1 1
8 90 1 1
9 11 1 1
9 22 1 1
9 35 1 1
9 48 1 1
9 60 1 1
9 70 1 1
9 82 1 1
9 91 1 1
10 11 1 1
10 31 1 1
10 45 1 1
10 75 1 1
10 83 1 1
10 96 1 1
11 21 1 1
11 56 1 1
11 71 1 1
12 23 1 1
12 44 1 1
12 56 1 1
12 68 1 1
12 84 1 1
12 93 1 1
13 16 1 1
13 40 1 1
13 54 1 1
13 61 1 1
13 73 1 1
13 81 1 1
13 93 1 1
14 22 1 1
14 36 1 1
14 55 1 1
14 72 1 1
14 79 1 1
14 92 1 1
15 17 1 1
15 26 1 1
15 50 1 1
15 63 1 1
15 71 1 1
15 82 1 1
16 31 1 1
16 49 1 1
16 54 1 1
16 66 1 1
16 84 1 1
17 19 1 1
17 26 1 1
17 40 1 1
17 57 1 1
17 64 1 1
17 71 1 1
17 82 1 1
18 20 1 1
18 27 1 1
18 60 1 1
18 71 1 1
18 81 1 1
19 49 1 1
19 61 1 1
19 76 1 1
19 89 1 1
19 95 1 1
20 25 1 1
20 34 1 1
20 46 1 1
20 64 1 1
20 78 1 1
20 97 1 1
21 34 1 1
21 41 1 1
21 53 1 1
21 61 1 1
21 70 1 1
21 86 1 1
22 25 1 1
22 34 1 1
22 55 1 1
22 70 1 1
22 79 1 1
22 89 1 1
23 32 1 1
23 61 1 1
23 76 1 1
23 81 1 1
23 90 1 1
24 32 1 1
24 43 1 1
24 58 1 1
24 67 1 1
24 82 1 1
24 98 1 1
25 39 1 1
25 48 1 1
25 68 1 1
25 79 1 1
25 95 1 1
26 34 1 1
26 41 1 1
26 46 1 1
26 54 1 1
26 62 1 1
26 91 1 1
27 29 1 1
27 40 1 1
27 50 1 1
27 69 1 1
27 75 1 1
27 84 1 1
27 95 1 1
28 35 1 1
28 55 1 1
28 61 1 1
28 86 1 1
28 92 1 1
29 36 1 1
29 44 1 1
29 53 1 1
29 60 1 1
29 78 1 1
29 88 1 1
30 37 1 1
30 47 1 1
30 59 1 1
30 65 1 1
30 73 1 1
30 82 1 1
30 92 1 1
31 34 1 1
31 41 1 1
31 63 1 1
31 74 1 1
32 43 1 1
32 57 1 1
32 63 1 1
32 71 1 1
32 80 1 1
32 96 1 1
33 45 1 1
33 53 1 1
33 61 1 1
33 72 1 1
33 85 1 1
33 93 1 1
34 36 1 1
34 48 1 1
34 59 1 1
34 69 1 1
34 77 1 1
34 86 1 1
34 95 1 1
35 37 1 1
35 46 1 1
35 55 1 1
35 68 1 1
35 84 1 1
35 93 1 1
36 39 1 1
36 53 1 1
36 67 1 1
36 83 1 1
36 97 1 1
37 46 1 1
37 70 1 1
37 76 1 1
37 90 1 1
38 39 1 1
38 58 1 1
38 68 1 1
38 74 1 1
38 83 1 1
39 41 1 1
39 58 1 1
39 66 1 1
39 79 1 1
39 92 1 1
40 49 1 1
40 67 1 1
40 86 1 1
40 92 1 1
41 47 1 1
41 53 1 1
41 69 1 1
41 87 1 1
42 43 1 1
42 67 1 1
42 81 1 1
42 94 1 1
43 52 1 1
43 61 1 1
43 83 1 1
43 92 1 1
44 46 1 1
44 63 1 1
44 71 1 1
44 80 1 1
44 91 1 1
44 98 1 1
45 49 1 1
45 63 1 1
45 79 1 1
45 89 1 1
46 47 1 1
46 62 1 1
46 84 1 1
46 94 1 1
47 57 1 1
47 72 1 1
47 88 1 1
47 97 1 1
48 54 1 1
48 70 1 1
48 85 1 1
48 93 1 1
49 64 1 1
49 81 1 1
49 95 1 1
50 56 1 1
50 81 1 1
50 94 1 1
51 65 1 1
51 72 1 1
51 93 1 1
52 59 1 1
52 72 1 1
52 79 1 1
52 95 1 1
53 61 1 1
53 77 1 1
53 97 1 1
54 65 1 1
54 81 1 1
54 91 1 1
54 99 1 1
55 68 1 1
55 79 1 1
56 58 1 1
56 65 1 1
56 81 1 1
57 66 1 1
57 85 1 1
57 96 1 1
58 74 1 1
59 64 1 1
59 70 1 1
59 77 1 1
59 93 1 1
60 64 1 1
60 72 1 1
60 90 1 1
61 64 1 1
61 72 1 1
61 81 1 1
61 88 1 1
62 67 1 1
62 75 1 1
62 86 1 1
62 96 1 1
63 71 1 1
64 95 1 1
66 70 1 1
66 74 1 1
66 83 1 1
66 98 1 1
67 76 1 1
67 84 1 1
67 92 1 1
68 73 1 1
68 98 1 1
69 75 1 1
69 82 1 1
70 72 1 1
70 79 1 1
71 72 1 1
72 74 1 1
72 82 1 1
73 74 1 1
73 81 1 1
73 89 1 1
74 76 1 1
74 90 1 1
75 78 1 1
75 87 1 1
76 88 1 1
77 80 1 1
77 98 1 1
78 86 1 1
79 83 1 1
79 90 1 1
79 95 1 1
80 97 1 1
81 88 1 1
82 86 1 1
83 85 1 1
83 97 1 1
84 91 1 1
85 94 1 1
86 88 1 1
87 97 1 1
89 96 1 1
91 93 1 1
92 93 1 1
94 96 1 1
97 99 1 1
1 15 1 1
1 61 1 1
2 66 1 1
3 83 1 1
4 66 1 1
5 23 1 1
5 88 1 1
6 25 1 1
6 99 1 1
7 74 1 1
8 91 1 1
10 32 1 1
10 65 1 1
11 92 1 1
13 36 1 1
13 77 1 1
14 46 1 1
14 98 1 1
15 44 1 1
15 95 1 1
16 42 1 1
16 69 1 1
17 84 1 1
18 49 1 1
19 42 1 1
19 84 1 1
20 70 1 1
21 87 1 1
22 64 1 1
23 58 1 1
24 84 1 1
25 59 1 1
26 73 1 1
28 34 1 1
30 64 1 1
31 46 1 1
32 33 1 1
33 68 1 1
36 85 1 1
37 80 1 1
38 69 1 1
39 70 1 1
40 88 1 1
41 70 1 1
42 44 1 1
43 68 1 1
45 88 1 1
49 52 1 1
50 72 1 1
51 96 1 1
52 84 1 1
53 72 1 1
54 76 1 1
56 59 1 1
56 91 1 1
57 82 1 1
59 92 1 1
64 71 1 1
66 76 1 1
68 74 1 1
69 93 1 1
72 90 1 1
78 94 1 1
82 87 1 1
0 7 0 2
0 25 0 2
0 44 0 2
0 63 0 2
0 91 0 2
1 8 0 2
1 17 0 2
1 47 0 2
2 5 0 2
2 13 0 2
2 46 0 2
2 68 0 2
2 88 0 2
3 20 0 2
3 46 0 2
3 70 0 2
3 85 0 2
3 92 0 2
4 33 0 2
4 54 0 2
4 72 0 2
4 98 0 2
5 18 0 2
5 37 0 2
5 70 0 2
5 92 0 2
6 7 0 2
6 33 0 2
7 14 0 2
7 26 0 2
7 80 0 2
7 90 0 2
8 31 0 2
8 61 0 2
8 81 0 2
9 12 0 2
9 30 0 2
9 41 0 2
9 59 0 2
9 73 0 2
9 99 0 2
10 23 0 2
10 34 0 2
10 53 0 2
10 89 0 2
11 22 0 2
11 29 0 2
11 50 0 2
11 63 0 2
11 94 0 2
12 34 0 2
12 53 0 2
12 69 0 2
12 99 0 2
13 41 0 2
13 62 0 2
13 75 0 2
14 28 0 2
14 37 0 2
14 48 0 2
14 60 0 2
14 93 0 2
15 20 0 2
15 54 0 2
15 99 0 2
16 27 0 2
16 47 0 2
16 67 0 2
16 89 0 2
17 24 0 2
17 56 0 2
17 99 0 2
18 34 0 2
18 44 0 2
18 54 0 2
18 93 0 2
19 53 0 2
19 77 0 2
20 21 0 2
20 52 0 2
20 72 0 2
21 24 0 2
21 54 0 2
21 75 0 2
21 82 0 2
21 96 0 2
22 38 0 2
22 56 0 2
22 74 0 2
22 93 0 2
23 25 0 2
23 56 0 2
23 92 0 2
24 71 0 2
24 88 0 2
25 36 0 2
25 73 0 2
25 89 0 2
26 63 0 2
26 75 0 2
26 82 0 2
26 98 0 2
27 41 0 2
27 47 0 2
27 65 0 2
27 85 0 2
27 96 0 2
28 36 0 2
28 51 0 2
28 72 0 2
29 34 0 2
29 49 0 2
29 71 0 2
29 93 0 2
30 43 0 2
30 54 0 2
30 66 0 2
30 79 0 2
31 38 0 2
31 67 0 2
31 79 0 2
31 84 0 2
31 97 0 2
32 38 0 2
32 46 0 2
32 73 0 2
33 34 0 2
33 54 0 2
33 66 0 2
33 76 0 2
34 42 0 2
34 80 0 2
34 98 0 2
35 48 0 2
35 61 0 2
35 80 0 2
35 90 0 2
36 48 0 2
36 64 0 2
36 77 0 2
36 87 0 2
37 61 0 2
37 82 0 2
37 91 0 2
38 57 0 2
38 71 0 2
39 42 0 2
39 52 0 2
40 50 0 2
40 69 0 2
40 91 0 2
41 55 0 2
41 77 0 2
41 99 0 2
42 52 0 2
42 59 0 2
42 68 0 2
42 91 0 2
43 50 0 2
43 66 0 2
44 54 0 2
44 65 0 2
44 94 0 2
45 95 0 2
46 58 0 2
46 71 0 2
46 89 0 2
47 64 0 2
47 81 0 2
47 98 0 2
48 75 0 2
48 82 0 2
49 63 0 2
49 84 0 2
50 57 0 2
50 74 0 2
50 80 0 2
50 84 0 2
51 54 0 2
51 66 0 2
51 77 0 2
52 56 0 2
52 66 0 2
52 76 0 2
53 56 0 2
53 74 0 2
53 87 0 2
53 98 0 2
54 98 0 2
55 64 0 2
55 94 0 2
56 68 0 2
57 61 0 2
57 72 0 2
57 79 0 2
57 88 0 2
58 69 0 2
58 96 0 2
59 73 0 2
59 96 0 2
61 67 0 2
61 91 0 2
62 63 0 2
62 81 0 2
63 65 0 2
63 95 0 2
64 80 0 2
64 97 0 2
65 72 0 2
65 91 0 2
66 78 0 2
67 74 0 2
67 88 0 2
68 71 0 2
68 88 0 2
69 98 0 2
70 89 0 2
71 79 0 2
71 99 0 2
72 92 0 2
73 84 0 2
74 84 0 2
74 95 0 2
75 94 0 2
76 85 0 2
76 95 0 2
77 93 0 2
78 80 0 2
79 96 0 2
81 87 0 2
83 92 0 2
87 91 0 2
88 94 0 2
91 96 0 2
94 99 0 2
0 2 1 2
0 19 1 2
0 39 1 2
0 53 1 2
0 84 1 2
1 28 1 2
1 69 1 2
1 84 1 2
1 99 1 2
2 19 1 2
2 39 1 2
2 58 1 2
2 96 1 2
3 14 1 2
3 23 1 2
3 54 1 2
3 87 1 2
4 8 1 2
4 36 1 2
4 46 1 2
4 75 1 2
4 95 1 2
5 17 1 2
5 51 1 2
5 64 1 2
5 89 1 2
5 95 1 2
6 23 1 2
6 31 1 2
6 46 1 2
6 53 1 2
6 64 1 2
7 22 1 2
7 34 1 2
7 50 1 2
7 73 1 2
7 95 1 2
8 55 1 2
8 68 1 2
9 17 1 2
9 31 1 2
9 53 1 2
9 87 1 2
10 14 1 2
10 25 1 2
10 86 1 2
11 18 1 2
11 31 1 2
11 51 1 2
11 89 1 2
12 14 1 2
12 35 1 2
12 71 1 2
12 87 1 2
12 95 1 2
13 24 1 2
13 30 1 2
13 48 1 2
13 71 1 2
14 51 1 2
14 65 1 2
15 31 1 2
15 60 1 2
15 79 1 2
15 92 1 2
16 18 1 2
16 34 1 2
16 58 1 2
16 88 1 2
16 94 1 2
17 48 1 2
17 59 1 2
17 78 1 2
18 31 1 2
18 51 1 2
18 56 1 2
18 74 1 2
18 88 1 2
19 30 1 2
19 56 1 2
19 70 1 2
19 83 1 2
19 99 1 2
20 30 1 2
20 54 1 2
20 82 1 2
21 44 1 2
21 59 1 2
22 29 1 2
22 41 1 2
22 48 1 2
22 73 1 2
22 92 1 2
23 40 1 2
23 51 1 2
23 74 1 2
23 85 1 2
23 96 1 2
24 40 1 2
24 61 1 2
24 70 1 2
24 77 1 2
24 89 1 2
25 35 1 2
25 62 1 2
26 27 1 2
26 51 1 2
26 76 1 2
27 33 1 2
27 43 1 2
27 58 1 2
27 91 1 2
28 44 1 2
28 71 1 2
28 83 1 2
28 99 1 2
29 50 1 2
29 75 1 2
29 90 1 2
30 31 1 2
30 44 1 2
30 68 1 2
30 89 1 2
30 98 1 2
31 43 1 2
31 70 1 2
31 92 1 2
32 68 1 2
32 90 1 2
33 37 1 2
33 57 1 2
33 91 1 2
34 43 1 2
34 74 1 2
34 90 1 2
35 42 1 2
35 72 1 2
35 97 1 2
36 59 1 2
36 91 1 2
37 56 1 2
37 63 1 2
38 45 1 2
38 53 1 2
38 72 1 2
38 98 1 2
39 96 1 2
40 46 1 2
40 60 1 2
40 77 1 2
40 96 1 2
41 79 1 2
42 58 1 2
42 85 1 2
43 45 1 2
43 54 1 2
43 71 1 2
43 77 1 2
43 96 1 2
44 58 1 2
44 93 1 2
45 59 1 2
45 74 1 2
46 52 1 2
46 67 1 2
46 97 1 2
47 52 1 2
47 74 1 2
48 63 1 2
48 74 1 2
48 88 1 2
49 55 1 2
49 72 1 2
49 78 1 2
49 99 1 2
50 60 1 2
50 85 1 2
52 75 1 2
53 94 1 2
54 70 1 2
54 77 1 2
54 94 1 2
55 65 1 2
55 98 1 2
56 75 1 2
56 97 1 2
57 73 1 2
57 81 1 2
58 60 1 2
58 77 1 2
58 93 1 2
59 66 1 2
59 85 1 2
59 95 1 2
60 67 1 2
60 77 1 2
60 82 1 2
60 96 1 2
61 75 1 2
61 84 1 2
61 96 1 2
62 80 1 2
63 69 1 2
63 78 1 2
63 94 1 2
64 77 1 2
64 85 1 2
65 78 1 2
65 97 1 2
67 73 1 2
68 80 1 2
68 87 1 2
69 71 1 2
70 76 1 2
70 90 1 2
71 82 1 2
71 98 1 2
73 91 1 2
73 97 1 2
74 85 1 2
74 94 1 2
75 81 1 2
76 82 1 2
76 98 1 2
77 88 1 2
78 84 1 2
78 93 1 2
79 87 1 2
80 82 1 2
82 94 1 2
83 91 1 2
84 95 1 2
85 87 1 2
87 92 1 2
88 92 1 2
90 96 1 2
92 99 1 2
0 70 1 2
1 95 1 2
2 92 1 2
4 13 1 2
4 85 1 2
7 53 1 2
9 36 1 2
10 78 1 2
12 58 1 2
13 49 1 2
15 58 1 2
17 53 1 2
19 73 1 2
22 23 1 2
22 95 1 2
24 41 1 2
25 43 1 2
28 48 1 2
30 81 1 2
32 65 1 2
34 39 1 2
36 38 1 2
38 43 1 2
41 90 1 2
43 78 1 2
48 65 1 2
51 57 1 2
53 60 1 2
61 87 1 2
64 87 1 2
68 97 1 2
71 81 1 2
76 77 1 2
79 84 1 2
82 97 1 2
92 97 1 2
0 18 2 2
0 28 2 2
0 65 2 2
0 82 2 2
0 96 2 2
1 20 2 2
1 40 2 2
1 57 2 2
1 64 2 2
1 94 2 2
2 15 2 2
2 80 2 2
3 6 2 2
3 27 2 2
3 33 2 2
3 50 2 2
4 6 2 2
4 39 2 2
4 48 2 2
4 62 2 2
4 76 2 2
5 9 2 2
5 63 2 2
5 99 2 2
6 24 2 2
6 36 2 2
6 45 2 2
6 58 2 2
6 74 2 2
6 91 2 2
7 8 2 2
7 23 2 2
7 42 2 2
7 57 2 2
7 72 2 2
7 85 2 2
8 24 2 2
8 35 2 2
8 51 2 2
8 67 2 2
8 76 2 2
9 13 2 2
9 40 2 2
9 98 2 2
10 21 2 2
10 33 2 2
10 47 2 2
10 71 2 2
10 88 2 2
11 23 2 2
11 36 2 2
11 45 2 2
11 66 2 2
11 79 2 2
12 28 2 2
12 38 2 2
12 46 2 2
12 61 2 2
12 70 2 2
12 78 2 2
13 15 2 2
13 23 2 2
13 33 2 2
13 63 2 2
13 99 2 2
14 49 2 2
14 64 2 2
14 74 2 2
14 99 2 2
15 37 2 2
15 53 2 2
15 72 2 2
16 20 2 2
16 38 2 2
16 59 2 2
16 72 2 2
16 86 2 2
17 27 2 2
17 41 2 2
17 47 2 2
17 83 2 2
18 23 2 2
18 38 2 2
18 62 2 2
18 80 2 2
19 34 2 2
19 46 2 2
19 58 2 2
19 80 2 2
19 97 2 2
20 35 2 2
20 76 2 2
20 87 2 2
20 93 2 2
21 25 2 2
21 39 2 2
21 58 2 2
21 81 2 2
22 24 2 2
22 35 2 2
22 45 2 2
22 60 2 2
22 75 2 2
22 86 2 2
22 94 2 2
23 35 2 2
23 47 2 2
23 80 2 2
24 30 2 2
24 45 2 2
24 68 2 2
24 90 2 2
25 26 2 2
25 40 2 2
25 70 2 2
25 86 2 2
25 94 2 2
26 38 2 2
26 52 2 2
26 83 2 2
26 94 2 2
27 37 2 2
27 77 2 2
27 92 2 2
28 56 2 2
28 70 2 2
28 85 2 2
29 38 2 2
29 77 2 2
29 86 2 2
30 40 2 2
30 61 2 2
30 74 2 2
31 69 2 2
32 37 2 2
32 58 2 2
32 75 2 2
32 82 2 2
32 97 2 2
33 40 2 2
33 69 2 2
33 89 2 2
34 46 2 2
34 62 2 2
34 72 2 2
34 85 2 2
35 38 2 2
35 59 2 2
35 73 2 2
35 95 2 2
36 43 2 2
36 51 2 2
36 93 2 2
37 60 2 2
37 79 2 2
38 41 2 2
38 66 2 2
38 96 2 2
39 57 2 2
39 85 2 2
40 51 2 2
40 62 2 2
40 68 2 2
40 82 2 2
41 46 2 2
41 61 2 2
41 83 2 2
42 46 2 2
42 60 2 2
42 79 2 2
43 49 2 2
43 72 2 2
43 94 2 2
44 62 2 2
44 79 2 2
45 46 2 2
45 70 2 2
45 81 2 2
46 54 2 2
46 66 2 2
46 86 2 2
47 79 2 2
47 90 2 2
48 60 2 2
48 76 2 2
48 91 2 2
49 85 2 2
50 83 2 2
50 99 2 2
51 62 2 2
51 81 2 2
51 94 2 2
52 57 2 2
52 70 2 2
52 85 2 2
53 71 2 2
54 59 2 2
54 72 2 2
54 87 2 2
54 95 2 2
56 90 2 2
57 93 2 2
58 62 2 2
58 90 2 2
59 76 2 2
59 97 2 2
60 71 2 2
61 79 2 2
62 64 2 2
62 74 2 2
62 84 2 2
62 95 2 2
63 70 2 2
63 89 2 2
65 67 2 2
65 90 2 2
66 71 2 2
67 96 2 2
68 86 2 2
69 77 2 2
69 92 2 2
70 84 2 2
70 95 2 2
72 91 2 2
73 95 2 2
74 80 2 2
74 91 2 2
75 79 2 2
75 89 2 2
76 84 2 2
77 78 2 2
77 91 2 2
78 83 2 2
78 96 2 2
80 84 2 2
80 95 2 2
82 84 2 2
82 93 2 2
84 99 2 2
85 97 2 2
88 91 2 2
89 95 2 2
90 99 2 2
95 97 2 2
0 1 2 2
1 5 2 2
3 18 2 2
4 70 2 2
5 68 2 2
6 17 2 2
8 75 2 2
12 66 2 2
13 45 2 2
14 35 2 2
14 81 2 2
16 53 2 2
18 91 2 2
20 63 2 2
22 76 2 2
24 79 2 2
28 63 2 2
29 45 2 2
32 48 2 2
33 58 2 2
34 78 2 2
35 94 2 2
39 80 2 2
46 61 2 2
47 78 2 2
51 79 2 2
56 66 2 2
58 67 2 2
60 84 2 2
64 65 2 2
67 72 2 2
70 82 2 2
73 79 2 2
78 88 2 2
87 93 2 2
0 40 2 2
2 60 2 2
4 5 2 2
5 59 2 2
6 82 2 2
7 33 2 2
7 82 2 2
8 89 2 2
9 43 2 2
10 55 2 2
11 19 2 2
12 26 2 2
13 26 2 2
13 89 2 2
14 83 2 2
16 23 2 2
18 84 2 2
22 62 2 2
23 48 2 2
25 69 2 2
26 66 2 2
29 67 2 2
31 40 2 2
32 59 2 2
34 73 2 2
36 52 2 2
38 46 2 2
39 88 2 2
41 50 2 2
43 55 2 2
44 99 2 2
46 78 2 2
49 89 2 2
50 76 2 2
51 89 2 2
56 88 2 2
70 78 2 2
80 98 2 2
93 96 2 2
0 75 2 2
1 25 2 2
2 26 2 2
4 50 2 2
5 39 2 2
6 44 2 2
7 93 2 2
10 83 2 2
13 61 2 2
14 55 2 2
16 66 2 2
18 60 2 2
19 76 2 2
21 61 2 2
22 89 2 2
26 34 2 2
27 69 2 2
28 86 2 2
29 78 2 2
30 92 2 2
32 63 2 2
33 85 2 2
34 69 2 2
35 55 2 2
36 39 2 2
39 66 2 2
40 86 2 2
43 61 2 2
44 63 2 2
47 57 2 2
53 77 2 2
55 79 2 2
59 93 2 2
67 76 2 2
68 98 2 2
72 82 2 2
78 86 2 2
80 97 2 2
86 88 2 2
3 83 2 2
15 44 2 2
19 84 2 2
25 59 2 2
33 68 2 2
43 68 2 2
72 90 2 2
0 4 0 3
0 32 0 3
0 78 0 3
0 95 0 3
1 36 0 3
1 77 0 3
2 10 0 3
2 29 0 3
2 54 0 3
2 77 0 3
3 13 0 3
3 94 0 3
4 30 0 3
4 60 0 3
4 94 0 3
5 25 0 3
5 80 0 3
6 21 0 3
6 47 0 3
6 78 0 3
7 9 0 3
7 21 0 3
7 47 0 3
7 64 0 3
8 41 0 3
8 93 0 3
9 21 0 3
9 52 0 3
9 90 0 3
10 29 0 3
10 70 0 3
11 17 0 3
11 78 0 3
12 43 0 3
12 85 0 3
13 34 0 3
13 87 0 3
14 30 0 3
14 62 0 3
15 36 0 3
15 61 0 3
15 81 0 3
16 81 0 3
17 45 0 3
17 73 0 3
18 32 0 3
18 79 0 3
18 89 0 3
19 37 0 3
19 86 0 3
20 37 0 3
20 59 0 3
20 67 0 3
21 40 0 3
21 62 0 3
21 71 0 3
22 40 0 3
22 67 0 3
22 99 0 3
23 41 0 3
23 66 0 3
23 78 0 3
24 33 0 3
24 69 0 3
25 29 0 3
25 77 0 3
26 78 0 3
26 90 0 3
27 55 0 3
27 94 0 3
28 32 0 3
28 60 0 3
28 96 0 3
29 65 0 3
30 46 0 3
30 69 0 3
30 91 0 3
31 44 0 3
31 75 0 3
31 87 0 3
32 42 0 3
32 56 0 3
32 91 0 3
33 70 0 3
34 53 0 3
34 75 0 3
35 57 0 3
36 40 0 3
36 66 0 3
37 44 0 3
37 73 0 3
38 84 0 3
39 47 0 3
39 78 0 3
40 71 0 3
40 83 0 3
40 99 0 3
42 54 0 3
42 97 0 3
43 59 0 3
43 84 0 3
43 95 0 3
44 57 0 3
44 78 0 3
45 50 0 3
45 76 0 3
45 86 0 3
46 65 0 3
46 93 0 3
47 89 0 3
48 67 0 3
48 92 0 3
49 91 0 3
50 67 0 3
51 59 0 3
51 87 0 3
52 71 0 3
53 68 0 3
53 90 0 3
54 60 0 3
54 78 0 3
55 62 0 3
55 99 0 3
56 74 0 3
56 96 0 3
57 75 0 3
58 82 0 3
59 84 0 3
60 70 0 3
61 73 0 3
61 85 0 3
62 91 0 3
63 87 0 3
64 69 0 3
65 66 0 3
65 95 0 3
67 69 0 3
68 77 0 3
69 88 0 3
71 83 0 3
72 79 0 3
72 96 0 3
73 94 0 3
74 86 0 3
75 88 0 3
76 99 0 3
79 82 0 3
80 83 0 3
80 96 0 3
83 86 0 3
84 98 0 3
88 90 0 3
92 94 0 3
0 43 1 3
0 73 1 3
1 4 1 3
1 21 1 3
1 39 1 3
1 46 1 3
1 75 1 3
2 33 1 3
2 51 1 3
3 5 1 3
3 19 1 3
3 45 1 3
3 59 1 3
3 75 1 3
4 63 1 3
5 10 1 3
5 58 1 3
5 91 1 3
6 26 1 3
6 57 1 3
6 77 1 3
6 96 1 3
7 27 1 3
7 55 1 3
8 44 1 3
8 63 1 3
8 80 1 3
9 25 1 3
9 44 1 3
9 67 1 3
9 94 1 3
10 36 1 3
11 47 1 3
11 95 1 3
12 47 1 3
12 59 1 3
13 21 1 3
13 44 1 3
13 66 1 3
13 88 1 3
14 41 1 3
14 61 1 3
15 22 1 3
15 66 1 3
15 88 1 3
16 45 1 3
16 78 1 3
17 21 1 3
17 34 1 3
17 67 1 3
17 94 1 3
18 63 1 3
18 92 1 3
19 28 1 3
19 43 1 3
19 72 1 3
20 28 1 3
20 41 1 3
21 29 1 3
21 38 1 3
21 80 1 3
22 43 1 3
23 57 1 3
23 79 1 3
24 53 1 3
24 85 1 3
25 30 1 3
25 81 1 3
26 43 1 3
26 58 1 3
26 68 1 3
26 86 1 3
27 46 1 3
27 66 1 3
27 79 1 3
28 29 1 3
29 70 1 3
29 94 1 3
30 62 1 3
31 37 1 3
31 65 1 3
31 83 1 3
32 52 1 3
32 87 1 3
33 67 1 3
33 82 1 3
34 50 1 3
34 81 1 3
34 92 1 3
35 51 1 3
35 77 1 3
37 39 1 3
37 53 1 3
37 85 1 3
38 49 1 3
38 79 1 3
39 54 1 3
39 64 1 3
39 84 1 3
40 42 1 3
41 43 1 3
41 56 1 3
41 64 1 3
41 85 1 3
41 95 1 3
42 98 1 3
44 53 1 3
44 68 1 3
44 86 1 3
45 52 1 3
45 69 1 3
46 81 1 3
47 48 1 3
48 57 1 3
48 96 1 3
49 75 1 3
49 92 1 3
50 63 1 3
51 82 1 3
52 83 1 3
53 64 1 3
54 55 1 3
54 74 1 3
55 57 1 3
55 95 1 3
57 89 1 3
58 83 1 3
60 62 1 3
60 80 1 3
60 92 1 3
61 69 1 3
62 71 1 3
62 92 1 3
63 83 1 3
64 70 1 3
65 74 1 3
65 89 1 3
66 72 1 3
66 90 1 3
67 95 1 3
69 80 1 3
70 94 1 3
71 78 1 3
71 95 1 3
72 95 1 3
73 85 1 3
74 92 1 3
75 91 1 3
76 94 1 3
78 90 1 3
81 84 1 3
81 93 1 3
84 89 1 3
85 98 1 3
86 95 1 3
88 99 1 3
90 93 1 3
93 95 1 3
0 15 1 3
2 21 1 3
3 32 1 3
5 40 1 3
8 33 1 3
9 79 1 3
12 24 1 3
13 96 1 3
15 23 1 3
19 22 1 3
23 33 1 3
24 66 1 3
27 35 1 3
32 98 1 3
43 57 1 3
46 56 1 3
50 59 1 3
55 71 1 3
57 68 1 3
58 94 1 3
60 73 1 3
65 76 1 3
76 97 1 3
86 87 1 3
0 24 2 3
0 45 2 3
0 85 2 3
1 14 2 3
1 34 2 3
1 89 2 3
2 17 2 3
2 28 2 3
2 42 2 3
2 53 2 3
2 67 2 3
3 21 2 3
3 38 2 3
3 60 2 3
4 10 2 3
4 43 2 3
4 71 2 3
5 21 2 3
5 34 2 3
5 56 2 3
6 32 2 3
6 62 2 3
6 80 2 3
6 94 2 3
8 18 2 3
8 54 2 3
8 71 2 3
9 29 2 3
9 55 2 3
9 93 2 3
10 76 2 3
10 94 2 3
11 15 2 3
11 60 2 3
11 73 2 3
12 16 2 3
12 42 2 3
12 65 2 3
12 92 2 3
13 59 2 3
13 74 2 3
14 19 2 3
14 29 2 3
14 67 2 3
15 33 2 3
15 56 2 3
15 68 2 3
15 97 2 3
16 46 2 3
16 68 2 3
16 80 2 3
17 22 2 3
17 54 2 3
17 69 2 3
17 91 2 3
18 43 2 3
18 85 2 3
19 38 2 3
19 52 2 3
19 71 2 3
20 24 2 3
20 43 2 3
20 68 2 3
20 81 2 3
20 96 2 3
21 69 2 3
21 88 2 3
22 49 2 3
22 83 2 3
22 98 2 3
23 70 2 3
23 89 2 3
24 37 2 3
24 49 2 3
24 80 2 3
25 44 2 3
25 54 2 3
25 84 2 3
25 98 2 3
26 65 2 3
26 92 2 3
27 64 2 3
28 62 2 3
28 94 2 3
29 69 2 3
29 98 2 3
30 55 2 3
30 78 2 3
30 93 2 3
31 52 2 3
31 78 2 3
32 54 2 3
33 35 2 3
33 60 2 3
33 74 2 3
33 86 2 3
34 49 2 3
34 57 2 3
34 79 2 3
35 54 2 3
35 86 2 3
36 49 2 3
36 61 2 3
36 76 2 3
36 84 2 3
37 88 2 3
38 64 2 3
39 67 2 3
40 57 2 3
40 74 2 3
41 91 2 3
42 74 2 3
43 58 2 3
44 56 2 3
45 58 2 3
45 73 2 3
46 60 2 3
46 79 2 3
47 51 2 3
47 65 2 3
47 85 2 3
48 68 2 3
49 50 2 3
50 58 2 3
50 87 2 3
51 71 2 3
51 99 2 3
52 80 2 3
53 59 2 3
53 80 2 3
53 93 2 3
55 63 2 3
55 93 2 3
56 80 2 3
56 94 2 3
57 62 2 3
57 83 2 3
58 65 2 3
58 88 2 3
61 98 2 3
62 90 2 3
63 66 2 3
63 84 2 3
64 96 2 3
65 82 2 3
66 82 2 3
67 71 2 3
67 98 2 3
68 99 2 3
71 86 2 3
73 75 2 3
74 75 2 3
75 83 2 3
77 84 2 3
78 87 2 3
80 91 2 3
81 94 2 3
83 87 2 3
84 85 2 3
85 92 2 3
86 98 2 3
87 96 2 3
90 95 2 3
96 99 2 3
5 82 2 3
8 23 2 3
10 39 2 3
10 84 2 3
12 15 2 3
13 91 2 3
18 28 2 3
19 57 2 3
23 88 2 3
26 95 2 3
28 76 2 3
31 90 2 3
36 58 2 3
38 77 2 3
41 52 2 3
43 64 2 3
52 94 2 3
54 80 2 3
55 75 2 3
61 70 2 3
64 92 2 3
71 77 2 3
76 87 2 3
0 76 2 3
1 83 2 3
5 86 2 3
6 97 2 3
8 57 2 3
10 74 2 3
13 43 2 3
15 46 2 3
16 79 2 3
19 67 2 3
21 47 2 3
22 31 2 3
28 54 2 3
30 95 2 3
31 77 2 3
35 50 2 3
37 47 2 3
40 47 2 3
41 81 2 3
45 82 2 3
48 78 2 3
51 61 2 3
54 64 2 3
55 89 2 3
58 72 2 3
62 98 2 3
74 79 2 3
77 99 2 3
86 94 2 3
0 50 2 3
1 92 2 3
3 49 2 3
4 29 2 3
7 31 2 3
9 70 2 3
14 22 2 3
15 17 2 3
16 31 2 3
17 64 2 3
20 46 2 3
21 41 2 3
23 76 2 3
24 67 2 3
25 48 2 3
26 91 2 3
27 84 2 3
30 37 2 3
32 80 2 3
34 48 2 3
38 83 2 3
42 81 2 3
44 80 2 3
48 70 2 3
50 81 2 3
54 65 2 3
56 81 2 3
59 70 2 3
66 74 2 3
75 78 2 3
79 90 2 3
89 96 2 3
5 88 2 3
17 84 2 3
28 34 2 3
56 91 2 3
82 87 2 3
0 14 3 3
0 34 3 3
0 59 3 3
0 79 3 3
1 2 3 3
1 45 3 3
1 97 3 3
2 16 3 3
2 37 3 3
2 62 3 3
3 35 3 3
3 58 3 3
4 12 3 3
4 28 3 3
4 56 3 3
5 28 3 3
5 72 3 3
6 12 3 3
6 38 3 3
6 87 3 3
7 10 3 3
7 69 3 3
8 69 3 3
8 87 3 3
9 26 3 3
9 42 3 3
10 30 3 3
10 63 3 3
11 16 3 3
11 53 3 3
11 69 3 3
12 67 3 3
12 94 3 3
13 31 3 3
13 42 3 3
13 65 3 3
13 86 3 3
14 21 3 3
14 32 3 3
14 58 3 3
14 86 3 3
15 19 3 3
15 65 3 3
15 98 3 3
16 87 3 3
17 36 3 3
17 76 3 3
18 19 3 3
18 30 3 3
18 67 3 3
18 96 3 3
19 45 3 3
19 55 3 3
19 87 3 3
20 31 3 3
21 23 3 3
21 42 3 3
21 63 3 3
21 84 3 3
22 42 3 3
22 84 3 3
23 24 3 3
23 77 3 3
24 74 3 3
25 52 3 3
25 80 3 3
25 99 3 3
26 33 3 3
26 47 3 3
26 70 3 3
27 34 3 3
27 51 3 3
27 61 3 3
27 83 3 3
28 37 3 3
28 73 3 3
29 56 3 3
29 92 3 3
30 38 3 3
30 60 3 3
31 45 3 3
31 59 3 3
31 88 3 3
32 51 3 3
32 92 3 3
33 55 3 3
33 87 3 3
34 54 3 3
34 70 3 3
35 79 3 3
36 46 3 3
36 78 3 3
37 49 3 3
37 67 3 3
37 94 3 3
38 56 3 3
38 78 3 3
39 81 3 3
40 59 3 3
40 76 3 3
41 42 3 3
41 58 3 3
41 84 3 3
42 49 3 3
42 80 3 3
43 53 3 3
43 90 3 3
44 66 3 3
45 72 3 3
46 70 3 3
46 90 3 3
47 56 3 3
47 82 3 3
48 77 3 3
49 70 3 3
49 83 3 3
50 65 3 3
50 77 3 3
51 85 3 3
52 53 3 3
52 82 3 3
53 83 3 3
53 99 3 3
55 72 3 3
56 83 3 3
56 99 3 3
57 74 3 3
58 66 3 3
59 69 3 3
59 99 3 3
60 95 3 3
61 74 3 3
63 82 3 3
64 72 3 3
64 89 3 3
66 73 3 3
66 91 3 3
67 80 3 3
68 84 3 3
68 95 3 3
70 74 3 3
71 84 3 3
72 88 3 3
73 92 3 3
75 93 3 3
76 92 3 3
77 94 3 3
78 99 3 3
79 91 3 3
80 88 3 3
81 83 3 3
82 91 3 3
86 96 3 3
88 89 3 3
89 98 3 3
92 95 3 3
2 52 3 3
3 72 3 3
4 77 3 3
5 74 3 3
9 88 3 3
12 51 3 3
13 70 3 3
15 18 3 3
17 28 3 3
18 61 3 3
20 57 3 3
21 73 3 3
23 62 3 3
25 53 3 3
27 89 3 3
29 32 3 3
32 53 3 3
33 73 3 3
37 93 3 3
40 79 3 3
43 48 3 3
48 53 3 3
51 63 3 3
53 65 3 3
54 86 3 3
62 89 3 3
67 90 3 3
72 75 3 3
75 96 3 3
82 92 3 3
1 52 3 3
2 36 3 3
4 22 3 3
8 36 3 3
9 61 3 3
11 39 3 3
12 79 3 3
14 17 3 3
15 34 3 3
16 55 3 3
17 95 3 3
19 35 3 3
20 91 3 3
27 28 3 3
29 80 3 3
32 50 3 3
34 58 3 3
37 40 3 3
39 76 3 3
41 72 3 3
43 76 3 3
44 74 3 3
50 61 3 3
52 98 3 3
55 69 3 3
57 94 3 3
61 89 3 3
64 74 3 3
66 89 3 3
70 71 3 3
84 94 3 3
0 35 3 3
2 64 3 3
5 7 3 3
7 12 3 3
8 47 3 3
11 71 3 3
13 40 3 3
14 36 3 3
16 84 3 3
19 61 3 3
20 78 3 3
21 86 3 3
24 58 3 3
25 95 3 3
28 92 3 3
30 59 3 3
31 41 3 3
32 71 3 3
36 53 3 3
38 68 3 3
43 83 3 3
48 85 3 3
51 72 3 3
52 95 3 3
59 64 3 3
61 81 3 3
70 79 3 3
74 90 3 3
79 83 3 3
1 15 3 3
8 91 3 3
20 70 3 3
32 33 3 3
39 70 3 3
57 82 3 3
1 8 3 3
2 68 3 3
8 61 3 3
12 99 3 3
16 27 3 3
17 56 3 3
18 93 3 3
21 96 3 3
22 93 3 3
27 41 3 3
28 51 3 3
31 67 3 3
32 73 3 3
34 80 3 3
37 91 3 3
40 69 3 3
41 99 3 3
46 89 3 3
49 63 3 3
53 56 3 3
57 79 3 3
61 91 3 3
65 72 3 3
69 98 3 3
73 84 3 3
0 39 3 3
3 14 3 3
6 53 3 3
7 95 3 3
11 18 3 3
12 14 3 3
12 95 3 3
14 51 3 3
16 18 3 3
16 94 3 3
18 56 3 3
19 99 3 3
22 29 3 3
23 85 3 3
27 43 3 3
28 71 3 3
34 43 3 3
35 97 3 3
38 72 3 3
44 58 3 3
46 52 3 3
48 63 3 3
49 78 3 3
53 94 3 3
58 77 3 3
59 95 3 3
63 94 3 3
73 91 3 3
78 93 3 3
90 96 3 3
17 53 3 3
30 81 3 3
4 62 3 3
6 91 3 3
7 57 3 3
9 98 3 3
12 28 3 3
13 33 3 3
15 72 3 3
17 41 3 3
19 34 3 3
21 58 3 3
22 94 3 3
25 86 3 3
28 56 3 3
29 77 3 3
32 37 3 3
34 46 3 3
37 60 3 3
38 96 3 3
40 62 3 3
44 62 3 3
46 54 3 3
50 83 3 3
52 57 3 3
57 93 3 3
59 97 3 3
65 67 3 3
69 92 3 3
75 79 3 3
82 93 3 3
95 97 3 3
4 70 3 3
28 63 3 3
47 78 3 3
4 5 3 3
7 82 3 3
22 62 3 3
39 88 3 3
2 26 3 3
21 61 3 3
32 63 3 3
67 76 3 3
19 84 3 3
0 17 0 4
0 66 0 4
1 26 0 4
1 56 0 4
1 87 0 4
1 98 0 4
2 75 0 4
3 48 0 4
3 88 0 4
4 88 0 4
5 31 0 4
5 45 0 4
5 84 0 4
6 59 0 4
7 35 0 4
7 58 0 4
7 88 0 4
8 25 0 4
8 66 0 4
8 86 0 4
9 47 0 4
9 77 0 4
9 95 0 4
10 46 0 4
10 59 0 4
11 55 0 4
12 17 0 4
12 60 0 4
12 88 0 4
13 64 0 4
13 94 0 4
14 78 0 4
15 16 0 4
15 42 0 4
16 37 0 4
16 99 0 4
17 93 0 4
18 46 0 4
18 99 0 4
19 96 0 4
20 61 0 4
21 26 0 4
21 89 0 4
22 85 0 4
23 46 0 4
23 68 0 4
24 35 0 4
24 57 0 4
24 99 0 4
25 56 0 4
26 39 0 4
26 80 0 4
27 32 0 4
27 81 0 4
28 93 0 4
29 99 0 4
30 56 0 4
31 55 0 4
32 79 0 4
33 56 0 4
33 90 0 4
34 71 0 4
35 85 0 4
36 94 0 4
38 52 0 4
39 74 0 4
39 91 0 4
40 54 0 4
40 85 0 4
41 93 0 4
42 57 0 4
43 70 0 4
44 47 0 4
45 66 0 4
46 68 0 4
46 85 0 4
46 98 0 4
47 84 0 4
49 54 0 4
49 96 0 4
50 78 0 4
52 92 0 4
53 82 0 4
54 84 0 4
55 77 0 4
57 65 0 4
58 59 0 4
59 82 0 4
60 88 0 4
61 95 0 4
62 87 0 4
64 82 0 4
66 93 0 4
67 81 0 4
69 74 0 4
70 80 0 4
71 96 0 4
74 89 0 4
77 85 0 4
78 98 0 4
80 89 0 4
85 93 0 4
89 90 0 4
94 97 0 4
0 5 1 4
0 57 1 4
1 43 1 4
1 96 1 4
2 47 1 4
2 83 1 4
3 7 1 4
3 99 1 4
5 43 1 4
5 71 1 4
6 14 1 4
6 41 1 4
6 73 1 4
7 17 1 4
7 81 1 4
8 17 1 4
8 37 1 4
8 65 1 4
8 95 1 4
9 76 1 4
10 62 1 4
10 99 1 4
11 68 1 4
11 98 1 4
12 75 1 4
13 57 1 4
14 16 1 4
14 82 1 4
14 97 1 4
16 43 1 4
16 91 1 4
17 74 1 4
18 24 1 4
18 48 1 4
18 77 1 4
19 39 1 4
20 32 1 4
20 75 1 4
21 31 1 4
21 83 1 4
21 95 1 4
22 61 1 4
22 96 1 4
23 45 1 4
23 87 1 4
24 75 1 4
25 42 1 4
25 74 1 4
26 48 1 4
26 79 1 4
27 36 1 4
27 82 1 4
28 58 1 4
29 84 1 4
30 39 1 4
30 76 1 4
31 49 1 4
31 80 1 4
32 39 1 4
32 74 1 4
33 43 1 4
33 77 1 4
34 40 1 4
34 63 1 4
34 88 1 4
35 74 1 4
36 47 1 4
36 89 1 4
37 74 1 4
38 42 1 4
39 46 1 4
39 62 1 4
40 80 1 4
41 49 1 4
41 82 1 4
43 63 1 4
43 74 1 4
44 75 1 4
45 83 1 4
45 96 1 4
46 76 1 4
47 63 1 4
47 69 1 4
48 51 1 4
48 79 1 4
49 68 1 4
50 98 1 4
51 80 1 4
52 67 1 4
53 67 1 4
54 61 1 4
55 74 1 4
56 89 1 4
57 70 1 4
58 71 1 4
58 99 1 4
60 69 1 4
60 98 1 4
63 74 1 4
63 88 1 4
65 84 1 4
66 77 1 4
67 79 1 4
68 93 1 4
69 94 1 4
70 97 1 4
74 82 1 4
77 82 1 4
79 93 1 4
81 90 1 4
81 99 1 4
85 90 1 4
87 89 1 4
89 94 1 4
95 96 1 4
1 74 1 4
3 44 1 4
5 55 1 4
9 14 1 4
10 49 1 4
14 71 1 4
17 97 1 4
21 22 1 4
28 84 1 4
31 57 1 4
39 86 1 4
44 72 1 4
46 80 1 4
49 69 1 4
53 92 1 4
58 75 1 4
63 68 1 4
0 3 2 4
0 33 2 4
0 77 2 4
1 9 2 4
1 48 2 4
1 76 2 4
2 48 2 4
2 97 2 4
3 56 2 4
4 58 2 4
4 93 2 4
5 83 2 4
6 18 2 4
6 39 2 4
6 84 2 4
7 39 2 4
7 65 2 4
8 14 2 4
8 43 2 4
8 92 2 4
9 46 2 4
9 69 2 4
10 16 2 4
10 41 2 4
10 67 2 4
11 13 2 4
11 42 2 4
11 87 2 4
12 33 2 4
13 20 2 4
13 79 2 4
14 23 2 4
14 59 2 4
14 94 2 4
15 59 2 4
16 26 2 4
16 41 2 4
16 74 2 4
17 18 2 4
17 44 2 4
17 96 2 4
18 55 2 4
18 94 2 4
19 41 2 4
20 58 2 4
21 45 2 4
22 30 2 4
22 65 2 4
22 80 2 4
23 38 2 4
23 63 2 4
25 28 2 4
26 42 2 4
27 31 2 4
27 54 2 4
28 46 2 4
29 30 2 4
29 81 2 4
30 49 2 4
30 84 2 4
31 86 2 4
31 99 2 4
32 84 2 4
33 51 2 4
34 52 2 4
34 91 2 4
35 47 2 4
36 37 2 4
36 65 2 4
36 80 2 4
37 72 2 4
38 76 2 4
39 63 2 4
39 77 2 4
41 54 2 4
41 94 2 4
43 82 2 4
44 84 2 4
45 64 2 4
45 98 2 4
46 99 2 4
48 83 2 4
49 97 2 4
51 55 2 4
52 63 2 4
52 99 2 4
53 86 2 4
54 92 2 4
55 76 2 4
57 59 2 4
58 76 2 4
59 91 2 4
62 69 2 4
63 73 2 4
64 84 2 4
65 98 2 4
66 88 2 4
67 89 2 4
68 83 2 4
69 87 2 4
70 88 2 4
72 78 2 4
73 83 2 4
75 95 2 4
76 89 2 4
79 85 2 4
82 88 2 4
87 90 2 4
92 96 2 4
2 84 2 4
6 56 2 4
11 44 2 4
14 50 2 4
21 77 2 4
28 43 2 4
32 88 2 4
35 44 2 4
38 99 2 4
44 96 2 4
50 88 2 4
54 56 2 4
59 68 2 4
65 88 2 4
68 79 2 4
83 96 2 4
93 99 2 4
3 28 2 4
6 67 2 4
9 81 2 4
12 48 2 4
16 39 2 4
17 70 2 4
19 25 2 4
20 55 2 4
23 36 2 4
24 46 2 4
26 31 2 4
29 40 2 4
32 86 2 4
35 78 2 4
42 70 2 4
48 49 2 4
53 78 2 4
57 84 2 4
59 88 2 4
62 72 2 4
71 75 2 4
83 99 2 4
2 49 2 4
3 26 2 4
5 75 2 4
9 22 2 4
13 81 2 4
15 50 2 4
17 40 2 4
20 25 2 4
24 98 2 4
28 35 2 4
33 45 2 4
35 37 2 4
36 83 2 4
39 92 2 4
44 98 2 4
47 97 2 4
49 81 2 4
52 79 2 4
57 85 2 4
69 82 2 4
94 96 2 4
10 65 2 4
22 64 2 4
40 88 2 4
64 71 2 4
0 10 3 4
1 6 3 4
1 35 3 4
1 66 3 4
1 88 3 4
2 27 3 4
2 94 3 4
3 29 3 4
4 41 3 4
4 67 3 4
4 97 3 4
5 41 3 4
5 61 3 4
6 8 3 4
6 29 3 4
6 92 3 4
7 79 3 4
8 11 3 4
8 52 3 4
8 94 3 4
9 37 3 4
9 78 3 4
10 38 3 4
10 66 3 4
10 92 3 4
11 86 3 4
12 55 3 4
13 56 3 4
13 84 3 4
14 25 3 4
15 24 3 4
15 57 3 4
15 85 3 4
16 28 3 4
16 52 3 4
16 82 3 4
17 25 3 4
17 85 3 4
18 47 3 4
19 33 3 4
19 69 3 4
20 39 3 4
20 62 3 4
20 94 3 4
21 46 3 4
21 76 3 4
22 58 3 4
22 78 3 4
23 94 3 4
24 36 3 4
24 72 3 4
25 38 3 4
25 72 3 4
26 29 3 4
26 61 3 4
26 96 3 4
27 57 3 4
28 47 3 4
29 42 3 4
29 54 3 4
29 73 3 4
29 96 3 4
30 70 3 4
30 90 3 4
31 56 3 4
31 96 3 4
32 99 3 4
33 71 3 4
34 47 3 4
35 49 3 4
35 62 3 4
36 57 3 4
36 82 3 4
36 95 3 4
37 45 3 4
37 75 3 4
38 51 3 4
38 85 3 4
39 43 3 4
39 99 3 4
40 64 3 4
40 94 3 4
41 48 3 4
42 45 3 4
42 76 3 4
42 89 3 4
43 60 3 4
43 81 3 4
45 60 3 4
46 49 3 4
46 96 3 4
47 77 3 4
48 98 3 4
49 76 3 4
50 54 3 4
50 86 3 4
51 92 3 4
52 74 3 4
53 55 3 4
53 79 3 4
54 66 3 4
56 57 3 4
57 67 3 4
58 89 3 4
59 60 3 4
59 87 3 4
60 83 3 4
61 82 3 4
62 68 3 4
63 96 3 4
65 69 3 4
68 78 3 4
70 86 3 4
73 78 3 4
76 79 3 4
78 89 3 4
79 98 3 4
81 97 3 4
87 94 3 4
91 98 3 4
98 99 3 4
1 24 3 4
3 4 3 4
12 36 3 4
15 78 3 4
17 89 3 4
19 47 3 4
24 54 3 4
28 57 3 4
33 42 3 4
35 67 3 4
39 59 3 4
44 51 3 4
47 62 3 4
52 64 3 4
56 72 3 4
61 63 3 4
65 81 3 4
77 87 3 4
86 99 3 4
3 15 3 4
3 90 3 4
13 55 3 4
16 83 3 4
18 70 3 4
20 40 3 4
22 46 3 4
24 62 3 4
30 50 3 4
38 54 3 4
42 83 3 4
44 87 3 4
54 58 3 4
59 78 3 4
63 81 3 4
68 82 3 4
75 82 3 4
6 11 3 4
9 60 3 4
10 96 3 4
12 84 3 4
15 82 3 4
18 27 3 4
21 53 3 4
23 61 3 4
26 54 3 4
28 55 3 4
30 82 3 4
34 77 3 4
37 76 3 4
40 67 3 4
46 84 3 4
50 56 3 4
55 68 3 4
60 64 3 4
67 84 3 4
77 80 3 4
11 92 3 4
37 80 3 4
54 76 3 4
4 98 3 4
10 34 3 4
14 28 3 4
18 44 3 4
20 52 3 4
30 79 3 4
33 76 3 4
39 52 3 4
42 59 3 4
46 58 3 4
48 75 3 4
55 64 3 4
2 19 3 4
5 17 3 4
5 95 3 4
11 51 3 4
13 48 3 4
16 58 3 4
19 70 3 4
21 44 3 4
26 27 3 4
29 90 3 4
30 89 3 4
34 90 3 4
47 52 3 4
56 97 3 4
62 80 3 4
67 73 3 4
80 82 3 4
22 95 3 4
48 65 3 4
2 15 3 4
4 6 3 4
7 23 3 4
9 13 3 4
11 36 3 4
12 46 3 4
16 59 3 4
18 38 3 4
22 35 3 4
26 38 3 4
28 85 3 4
39 85 3 4
42 79 3 4
51 81 3 4
54 59 3 4
63 70 3 4
70 95 3 4
78 83 3 4
89 95 3 4
14 81 3 4
39 80 3 4
60 84 3 4
44 99 3 4
47 57 3 4
0 26 4 4
0 51 4 4
0 67 4 4
1 7 4 4
1 38 4 4
1 55 4 4
1 86 4 4
2 72 4 4
3 12 4 4
3 31 4 4
3 89 4 4
4 9 4 4
4 37 4 4
4 59 4 4
4 81 4 4
5 53 4 4
6 42 4 4
6 76 4 4
7 15 4 4
7 49 4 4
7 87 4 4
9 58 4 4
10 28 4 4
10 95 4 4
11 54 4 4
11 85 4 4
12 29 4 4
12 63 4 4
12 82 4 4
13 29 4 4
13 52 4 4
14 24 4 4
15 29 4 4
15 86 4 4
16 17 4 4
16 56 4 4
17 20 4 4
17 37 4 4
17 98 4 4
18 69 4 4
19 20 4 4
19 60 4 4
19 88 4 4
20 33 4 4
20 47 4 4
21 37 4 4
21 93 4 4
22 57 4 4
23 37 4 4
23 83 4 4
24 73 4 4
25 78 4 4
28 79 4 4
28 95 4 4
29 62 4 4
30 32 4 4
30 58 4 4
31 36 4 4
32 35 4 4
32 72 4 4
33 65 4 4
34 56 4 4
36 50 4 4
36 73 4 4
36 98 4 4
37 52 4 4
38 80 4 4
38 95 4 4
39 94 4 4
40 63 4 4
41 51 4 4
41 73 4 4
41 88 4 4
42 55 4 4
42 88 4 4
44 97 4 4
45 75 4 4
46 50 4 4
46 59 4 4
47 54 4 4
47 83 4 4
48 64 4 4
48 94 4 4
49 73 4 4
50 73 4 4
51 56 4 4
51 74 4 4
52 77 4 4
53 63 4 4
54 57 4 4
54 93 4 4
55 88 4 4
56 95 4 4
57 80 4 4
58 68 4 4
58 97 4 4
60 68 4 4
61 83 4 4
62 88 4 4
63 90 4 4
66 69 4 4
66 85 4 4
68 69 4 4
71 74 4 4
72 73 4 4
74 93 4 4
76 86 4 4
77 96 4 4
79 81 4 4
80 90 4 4
81 91 4 4
89 91 4 4
96 97 4 4
2 8 4 4
3 96 4 4
6 69 4 4
9 97 4 4
14 56 4 4
17 60 4 4
19 79 4 4
25 34 4 4
28 67 4 4
37 55 4 4
40 93 4 4
48 90 4 4
53 76 4 4
58 80 4 4
0 61 4 4
2 73 4 4
4 68 4 4
8 45 4 4
11 67 4 4
14 33 4 4
19 98 4 4
21 98 4 4
27 39 4 4
28 87 4 4
35 92 4 4
38 81 4 4
42 95 4 4
51 75 4 4
55 82 4 4
63 93 4 4
73 96 4 4
89 97 4 4
3 10 4 4
4 69 4 4
7 99 4 4
9 82 4 4
12 68 4 4
17 19 4 4
18 81 4 4
21 34 4 4
23 81 4 4
25 68 4 4
29 36 4 4
31 34 4 4
34 59 4 4
38 74 4 4
44 71 4 4
52 72 4 4
56 65 4 4
77 98 4 4
97 99 4 4
0 25 4 4
2 13 4 4
5 37 4 4
7 90 4 4
14 60 4 4
17 24 4 4
20 72 4 4
25 36 4 4
27 47 4 4
32 46 4 4
35 48 4 4
38 57 4 4
44 54 4 4
50 74 4 4
52 56 4 4
53 87 4 4
62 63 4 4
65 91 4 4
0 53 4 4
4 8 4 4
6 23 4 4
9 87 4 4
15 31 4 4
18 88 4 4
22 48 4 4
24 77 4 4
30 98 4 4
36 59 4 4
39 96 4 4
43 71 4 4
47 74 4 4
50 85 4 4
57 73 4 4
60 77 4 4
64 77 4 4
70 76 4 4
74 94 4 4
83 91 4 4
22 23 4 4
68 97 4 4
92 97 4 4
3 50 4 4
6 58 4 4
8 67 4 4
10 71 4 4
13 15 4 4
14 99 4 4
16 38 4 4
20 93 4 4
22 75 4 4
24 45 4 4
26 52 4 4
40 51 4 4
59 76 4 4
62 95 4 4
69 77 4 4
78 96 4 4
3 18 4 4
22 76 4 4
58 67 4 4
12 26 4 4
26 66 4 4
70 78 4 4
13 61 4 4
44 63 4 4
68 98 4 4
0 95 4 4
2 54 4 4
4 60 4 4
6 21 4 4
8 41 4 4
12 43 4 4
14 62 4 4
20 37 4 4
21 62 4 4
28 32 4 4
33 70 4 4
39 78 4 4
42 97 4 4
46 65 4 4
63 87 4 4
67 69 4 4
76 99 4 4
0 43 4 4
2 51 4 4
3 75 4 4
5 91 4 4
8 63 4 4
11 47 4 4
13 88 4 4
17 21 4 4
18 63 4 4
20 28 4 4
23 79 4 4
27 46 4 4
31 65 4 4
38 49 4 4
44 53 4 4
46 81 4 4
49 75 4 4
60 80 4 4
81 93 4 4
90 93 4 4
3 32 4 4
46 56 4 4
58 94 4 4
3 60 4 4
8 71 4 4
14 19 4 4
18 85 4 4
22 49 4 4
28 62 4 4
30 55 4 4
32 54 4 4
39 67 4 4
45 58 4 4
51 71 4 4
61 98 4 4
65 82 4 4
80 91 4 4
28 76 4 4
55 75 4 4
0 76 4 4
15 46 4 4
31 77 4 4
9 70 4 4
26 91 4 4
79 90 4 4
0 59 4 4
2 37 4 4
5 72 4 4
7 10 4 4
12 94 4 4
15 98 4 4
21 84 4 4
25 52 4 4
29 56 4 4
35 79 4 4
40 59 4 4
43 53 4 4
50 77 4 4
59 99 4 4
66 91 4 4
70 74 4 4
76 92 4 4
82 91 4 4
2 52 4 4
9 88 4 4
21 73 4 4
33 73 4 4
4 22 4 4
16 55 4 4
32 50 4 4
41 72 4 4
8 47 4 4
32 71 4 4
1 15 4 4
17 56 4 4
27 41 4 4
49 63 4 4
7 95 4 4
46 52 4 4
90 96 4 4
12 28 4 4
44 62 4 4
65 67 4 4
2 26 4 4
19 84 4 4
0 58 0 5
1 10 0 5
1 63 0 5
3 63 0 5
4 20 0 5
5 11 0 5
5 97 0 5
6 88 0 5
7 18 0 5
8 96 0 5
9 65 0 5
9 83 0 5
10 42 0 5
10 82 0 5
11 24 0 5
11 46 0 5
12 83 0 5
14 26 0 5
15 25 0 5
15 52 0 5
16 61 0 5
18 64 0 5
19 32 0 5
20 42 0 5
20 98 0 5
21 64 0 5
23 54 0 5
23 99 0 5
24 94 0 5
25 67 0 5
27 45 0 5
28 82 0 5
29 83 0 5
30 83 0 5
33 46 0 5
34 65 0 5
35 39 0 5
36 70 0 5
37 71 0 5
38 40 0 5
39 93 0 5
40 52 0 5
42 73 0 5
43 87 0 5
44 70 0 5
45 80 0 5
45 99 0 5
46 95 0 5
48 55 0 5
48 86 0 5
50 82 0 5
51 69 0 5
52 96 0 5
53 96 0 5
55 73 0 5
56 70 0 5
59 63 0 5
60 86 0 5
63 79 0 5
64 78 0 5
67 93 0 5
72 98 0 5
75 90 0 5
77 97 0 5
81 92 0 5
84 88 0 5
86 92 0 5
97 98 0 5
0 31 1 5
0 92 1 5
1 37 1 5
1 80 1 5
2 55 1 5
2 70 1 5
3 73 1 5
4 27 1 5
4 87 1 5
5 62 1 5
6 81 1 5
7 71 1 5
8 15 1 5
8 53 1 5
9 27 1 5
10 22 1 5
11 59 1 5
11 82 1 5
12 91 1 5
14 27 1 5
14 76 1 5
15 75 1 5
16 22 1 5
16 60 1 5
16 98 1 5
17 52 1 5
18 35 1 5
18 45 1 5
18 98 1 5
19 66 1 5
20 88 1 5
22 37 1 5
25 51 1 5
25 60 1 5
25 97 1 5
26 60 1 5
26 97 1 5
27 72 1 5
28 75 1 5
29 39 1 5
30 35 1 5
31 68 1 5
33 49 1 5
34 84 1 5
36 99 1 5
37 51 1 5
37 98 1 5
39 50 1 5
40 70 1 5
41 89 1 5
42 63 1 5
43 67 1 5
45 47 1 5
45 92 1 5
47 66 1 5
49 61 1 5
51 86 1 5
54 85 1 5
57 63 1 5
58 85 1 5
59 89 1 5
60 94 1 5
61 92 1 5
67 87 1 5
69 97 1 5
73 93 1 5
78 82 1 5
81 95 1 5
83 89 1 5
86 91 1 5
91 97 1 5
1 49 1 5
6 10 1 5
8 70 1 5
12 81 1 5
16 25 1 5
24 26 1 5
35 75 1 5
39 49 1 5
45 62 1 5
48 84 1 5
54 96 1 5
59 80 1 5
70 96 1 5
81 85 1 5
0 9 2 5
0 80 2 5
2 24 2 5
2 59 2 5
3 30 2 5
3 91 2 5
5 15 2 5
5 66 2 5
6 20 2 5
7 32 2 5
7 76 2 5
8 62 2 5
8 97 2 5
9 86 2 5
10 60 2 5
11 30 2 5
11 96 2 5
12 52 2 5
13 28 2 5
14 39 2 5
15 87 2 5
16 50 2 5
16 95 2 5
17 35 2 5
17 86 2 5
18 66 2 5
19 31 2 5
19 90 2 5
20 49 2 5
20 71 2 5
21 30 2 5
22 39 2 5
23 75 2 5
24 42 2 5
24 63 2 5
25 50 2 5
25 90 2 5
27 48 2 5
28 40 2 5
29 58 2 5
30 67 2 5
31 54 2 5
31 89 2 5
32 67 2 5
33 79 2 5
34 66 2 5
36 56 2 5
37 41 2 5
38 90 2 5
39 71 2 5
42 51 2 5
42 96 2 5
45 56 2 5
46 73 2 5
47 76 2 5
49 56 2 5
50 71 2 5
51 88 2 5
53 69 2 5
57 78 2 5
59 72 2 5
60 76 2 5
60 97 2 5
64 88 2 5
65 73 2 5
66 80 2 5
69 79 2 5
71 91 2 5
72 84 2 5
74 96 2 5
76 78 2 5
78 79 2 5
81 89 2 5
3 37 2 5
4 96 2 5
10 57 2 5
16 19 2 5
18 57 2 5
24 31 2 5
47 49 2 5
56 86 2 5
72 81 2 5
0 99 2 5
2 90 2 5
7 51 2 5
9 16 2 5
14 44 2 5
19 50 2 5
23 72 2 5
59 71 2 5
65 79 2 5
85 88 2 5
5 20 2 5
9 48 2 5
14 79 2 5
20 97 2 5
25 79 2 5
32 43 2 5
42 43 2 5
48 93 2 5
67 92 2 5
82 86 2 5
13 36 2 5
31 46 2 5
0 21 3 5
0 48 3 5
0 83 3 5
1 58 3 5
2 6 3 5
2 50 3 5
2 76 3 5
4 18 3 5
4 78 3 5
5 33 3 5
6 72 3 5
7 30 3 5
7 97 3 5
8 38 3 5
9 15 3 5
10 85 3 5
11 84 3 5
12 30 3 5
13 17 3 5
13 72 3 5
14 43 3 5
14 91 3 5
16 70 3 5
18 25 3 5
19 51 3 5
20 80 3 5
21 32 3 5
22 32 3 5
22 66 3 5
23 31 3 5
23 71 3 5
24 51 3 5
25 46 3 5
26 81 3 5
27 76 3 5
29 48 3 5
30 45 3 5
30 99 3 5
32 47 3 5
33 41 3 5
34 64 3 5
35 91 3 5
36 88 3 5
37 65 3 5
38 61 3 5
38 88 3 5
39 72 3 5
40 84 3 5
41 65 3 5
41 92 3 5
42 84 3 5
43 44 3 5
43 99 3 5
44 77 3 5
45 48 3 5
45 87 3 5
47 59 3 5
47 95 3 5
49 59 3 5
50 95 3 5
52 65 3 5
54 97 3 5
57 95 3 5
58 95 3 5
60 74 3 5
62 82 3 5
68 90 3 5
69 90 3 5
71 90 3 5
72 99 3 5
74 88 3 5
79 88 3 5
85 99 3 5
90 94 3 5
93 94 3 5
3 24 3 5
5 35 3 5
18 97 3 5
22 59 3 5
26 88 3 5
30 52 3 5
34 93 3 5
40 41 3 5
49 80 3 5
58 61 3 5
66 95 3 5
89 92 3 5
1 70 3 5
6 93 3 5
8 98 3 5
10 93 3 5
14 52 3 5
17 62 3 5
19 81 3 5
27 74 3 5
48 97 3 5
52 60 3 5
69 83 3 5
79 86 3 5
2 12 3 5
7 67 3 5
12 56 3 5
15 26 3 5
22 70 3 5
29 44 3 5
33 53 3 5
42 67 3 5
57 66 3 5
72 74 3 5
84 91 3 5
92 93 3 5
14 46 3 5
23 58 3 5
69 93 3 5
3 70 3 5
5 70 3 5
7 26 3 5
9 73 3 5
12 53 3 5
15 54 3 5
19 77 3 5
22 56 3 5
25 73 3 5
29 49 3 5
32 38 3 5
41 55 3 5
44 94 3 5
51 66 3 5
58 69 3 5
63 65 3 5
0 84 3 5
3 54 3 5
10 14 3 5
15 60 3 5
19 30 3 5
23 51 3 5
27 91 3 5
30 44 3 5
40 60 3 5
55 98 3 5
60 96 3 5
70 90 3 5
25 43 3 5
3 33 3 5
8 24 3 5
11 66 3 5
16 86 3 5
20 76 3 5
26 83 3 5
35 38 3 5
41 46 3 5
48 76 3 5
54 87 3 5
62 84 3 5
80 95 3 5
6 17 3 5
6 82 3 5
29 67 3 5
5 39 3 5
28 86 3 5
33 68 3 5
1 18 4 5
1 65 4 5
2 91 4 5
3 71 4 5
3 97 4 5
4 21 4 5
4 52 4 5
4 89 4 5
5 36 4 5
5 90 4 5
7 20 4 5
7 59 4 5
8 9 4 5
8 88 4 5
10 40 4 5
10 77 4 5
11 40 4 5
11 65 4 5
12 54 4 5
13 46 4 5
13 92 4 5
14 63 4 5
14 84 4 5
15 62 4 5
16 36 4 5
16 73 4 5
17 58 4 5
18 22 4 5
19 74 4 5
20 38 4 5
20 89 4 5
21 78 4 5
22 47 4 5
23 91 4 5
25 33 4 5
25 91 4 5
27 71 4 5
28 64 4 5
29 66 4 5
30 94 4 5
31 85 4 5
33 83 4 5
34 45 4 5
35 45 4 5
35 83 4 5
36 62 4 5
37 48 4 5
37 99 4 5
40 95 4 5
42 71 4 5
43 46 4 5
44 59 4 5
45 85 4 5
46 72 4 5
46 92 4 5
49 57 4 5
50 93 4 5
52 61 4 5
53 73 4 5
55 66 4 5
58 79 4 5
59 83 4 5
61 94 4 5
63 64 4 5
64 73 4 5
65 80 4 5
66 79 4 5
69 85 4 5
70 81 4 5
73 87 4 5
77 86 4 5
81 82 4 5
84 90 4 5
91 95 4 5
1 79 4 5
4 92 4 5
7 37 4 5
10 97 4 5
13 82 4 5
15 74 4 5
18 37 4 5
27 59 4 5
32 40 4 5
34 55 4 5
45 71 4 5
63 91 4 5
77 83 4 5
4 15 4 5
10 37 4 5
14 96 4 5
16 71 4 5
23 60 4 5
25 83 4 5
29 97 4 5
31 95 4 5
34 67 4 5
41 59 4 5
45 90 4 5
48 61 4 5
53 62 4 5
58 63 4 5
60 75 4 5
77 79 4 5
3 57 4 5
8 40 4 5
10 75 4 5
17 71 4 5
32 57 4 5
36 67 4 5
41 47 4 5
54 99 4 5
61 72 4 5
69 75 4 5
74 76 4 5
4 66 4 5
14 98 4 5
38 69 4 5
2 88 4 5
4 72 4 5
10 53 4 5
11 94 4 5
15 99 4 5
19 53 4 5
27 85 4 5
37 61 4 5
46 71 4 5
50 84 4 5
63 95 4 5
70 89 4 5
76 95 4 5
2 58 4 5
4 95 4 5
8 55 4 5
13 71 4 5
17 78 4 5
23 40 4 5
32 68 4 5
38 53 4 5
55 65 4 5
61 75 4 5
71 98 4 5
7 53 4 5
28 48 4 5
53 60 4 5
0 28 4 5
4 76 4 5
14 49 4 5
21 39 4 5
29 38 4 5
33 89 4 5
37 79 4 5
43 94 4 5
46 66 4 5
56 90 4 5
65 90 4 5
84 99 4 5
34 78 4 5
32 59 4 5
49 89 4 5
6 44 4 5
86 88 4 5
5 25 4 5
10 29 4 5
22 40 4 5
24 33 4 5
26 78 4 5
40 99 4 5
51 59 4 5
54 78 4 5
74 86 4 5
1 21 4 5
3 19 4 5
7 27 4 5
13 44 4 5
17 67 4 5
25 30 4 5
33 67 4 5
37 39 4 5
61 69 4 5
65 89 4 5
69 80 4 5
72 95 4 5
0 15 4 5
86 87 4 5
3 21 4 5
8 18 4 5
13 59 4 5
15 97 4 5
17 22 4 5
20 81 4 5
30 93 4 5
33 86 4 5
40 74 4 5
48 68 4 5
63 84 4 5
90 95 4 5
64 92 4 5
40 47 4 5
1 92 4 5
21 41 4 5
4 12 4 5
9 26 4 5
11 53 4 5
17 36 4 5
18 67 4 5
23 24 4 5
26 70 4 5
34 54 4 5
41 42 4 5
49 83 4 5
56 83 4 5
64 89 4 5
72 88 4 5
88 89 4 5
15 18 4 5
43 48 4 5
14 17 4 5
64 74 4 5
14 36 4 5
24 58 4 5
38 68 4 5
39 70 4 5
31 67 4 5
41 99 4 5
16 18 4 5
35 97 4 5
63 94 4 5
75 79 4 5
0 30 5 5
0 72 5 5
1 53 5 5
2 32 5 5
2 81 5 5
3 41 5 5
4 17 5 5
4 34 5 5
4 84 5 5
5 44 5 5
5 96 5 5
6 34 5 5
6 89 5 5
7 45 5 5
7 75 5 5
8 32 5 5
9 96 5 5
11 33 5 5
11 58 5 5
12 45 5 5
13 90 5 5
14 77 5 5
15 47 5 5
16 30 5 5
17 33 5 5
17 79 5 5
18 42 5 5
19 29 5 5
21 27 5 5
21 67 5 5
22 51 5 5
23 44 5 5
23 73 5 5
24 87 5 5
26 44 5 5
26 89 5 5
27 53 5 5
27 98 5 5
28 97 5 5
29 79 5 5
31 73 5 5
32 62 5 5
32 89 5 5
33 63 5 5
34 76 5 5
35 89 5 5
37 54 5 5
37 68 5 5
37 95 5 5
38 82 5 5
39 56 5 5
40 90 5 5
42 92 5 5
44 89 5 5
46 53 5 5
48 72 5 5
49 51 5 5
52 55 5 5
53 95 5 5
55 78 5 5
56 73 5 5
57 91 5 5
58 86 5 5
61 99 5 5
63 67 5 5
64 66 5 5
67 97 5 5
75 86 5 5
76 90 5 5
78 81 5 5
82 96 5 5
84 96 5 5
0 52 5 5
2 57 5 5
4 26 5 5
12 31 5 5
14 42 5 5
19 27 5 5
22 69 5 5
27 30 5 5
29 63 5 5
39 45 5 5
49 74 5 5
62 77 5 5
80 87 5 5
2 3 5 5
4 83 5 5
7 78 5 5
12 39 5 5
19 63 5 5
22 71 5 5
28 65 5 5
33 84 5 5
51 84 5 5
57 58 5 5
72 83 5 5
2 78 5 5
7 38 5 5
13 16 5 5
21 70 5 5
27 95 5 5
41 69 5 5
46 94 5 5
51 93 5 5
81 88 5 5
6 25 5 5
30 64 5 5
66 76 5 5
4 33 5 5
7 80 5 5
10 23 5 5
14 37 5 5
20 21 5 5
23 56 5 5
30 54 5 5
31 97 5 5
36 64 5 5
38 71 5 5
42 52 5 5
48 82 5 5
51 77 5 5
57 72 5 5
67 74 5 5
79 96 5 5
1 28 5 5
7 73 5 5
19 56 5 5
25 35 5 5
49 72 5 5
61 84 5 5
65 78 5 5
76 82 5 5
9 36 5 5
24 41 5 5
51 57 5 5
1 57 5 5
4 48 5 5
8 35 5 5
12 61 5 5
13 99 5 5
21 81 5 5
24 90 5 5
26 94 5 5
32 58 5 5
34 72 5 5
43 72 5 5
63 89 5 5
88 91 5 5
18 91 5 5
87 93 5 5
25 69 5 5
43 55 5 5
93 96 5 5
22 89 5 5
36 39 5 5
0 78 5 5
6 78 5 5
15 36 5 5
23 41 5 5
30 91 5 5
40 71 5 5
43 84 5 5
47 89 5 5
51 87 5 5
55 62 5 5
0 73 5 5
7 55 5 5
17 94 5 5
23 57 5 5
30 62 5 5
34 92 5 5
47 48 5 5
54 55 5 5
60 92 5 5
66 72 5 5
8 33 5 5
32 98 5 5
76 97 5 5
1 34 5 5
4 71 5 5
6 94 5 5
11 73 5 5
25 84 5 5
34 49 5 5
36 84 5 5
49 50 5 5
66 82 5 5
75 83 5 5
84 85 5 5
5 82 5 5
54 80 5 5
5 86 5 5
45 82 5 5
23 76 5 5
34 48 5 5
66 74 5 5
0 79 5 5
4 28 5 5
6 87 5 5
13 65 5 5
21 23 5 5
25 80 5 5
27 83 5 5
32 51 5 5
37 67 5 5
41 84 5 5
46 90 5 5
53 83 5 5
61 74 5 5
3 72 5 5
23 62 5 5
12 79 5 5
34 58 5 5
57 94 5 5
30 59 5 5
52 95 5 5
69 98 5 5
14 51 5 5
28 71 5 5
49 78 5 5
1 26 5 5
3 88 5 5
7 35 5 5
8 66 5 5
10 59 5 5
21 26 5 5
24 35 5 5
29 99 5 5
34 71 5 5
39 91 5 5
44 47 5 5
53 82 5 5
61 95 5 5
67 81 5 5
1 96 5 5
6 14 5 5
8 37 5 5
10 99 5 5
16 43 5 5
19 39 5 5
21 83 5 5
25 74 5 5
27 82 5 5
34 40 5 5
38 42 5 5
41 49 5 5
45 96 5 5
49 68 5 5
60 98 5 5
70 97 5 5
81 99 5 5
95 96 5 5
44 72 5 5
1 9 5 5
3 56 5 5
6 84 5 5
11 13 5 5
14 23 5 5
18 55 5 5
21 45 5 5
34 52 5 5
37 72 5 5
45 98 5 5
52 63 5 5
55 76 5 5
65 98 5 5
70 88 5 5
2 84 5 5
35 44 5 5
68 79 5 5
19 25 5 5
35 78 5 5
13 81 5 5
35 37 5 5
94 96 5 5
1 6 5 5
14 25 5 5
19 69 5 5
24 72 5 5
37 45 5 5
39 99 5 5
47 77 5 5
52 74 5 5
62 68 5 5
73 78 5 5
33 42 5 5
86 99 5 5
28 55 5 5
55 68 5 5
20 52 5 5
42 59 5 5
5 95 5 5
47 52 5 5
16 59 5 5
63 70 5 5
44 99 5 5
1 7 5 5
4 81 5 5
7 15 5 5
10 95 5 5
14 24 5 5
18 69 5 5
21 93 5 5
28 79 5 5
33 65 5 5
36 98 5 5
42 88 5 5
52 77 5 5
58 97 5 5
66 69 5 5
74 93 5 5
89 91 5 5
40 93 5 5
0 61 5 5
27 39 5 5
18 81 5 5
38 74 5 5
2 13 5 5
35 48 5 5
43 71 5 5
8 67 5 5
16 38 5 5
62 95 5 5
22 76 5 5
44 63 5 5
20 37 5 5
2 51 5 5
13 88 5 5
38 49 5 5
28 62 5 5
80 91 5 5
31 77 5 5
35 79 5 5
82 91 5 5
27 41 5 5
65 67 5 5
1 91 0 6
2 63 0 6
3 78 0 6
4 44 0 6
5 52 0 6
6 43 0 6
6 61 0 6
6 95 0 6
7 70 0 6
10 15 0 6
10 68 0 6
11 72 0 6
13 47 0 6
13 80 0 6
14 87 0 6
17 39 0 6
18 41 0 6
18 86 0 6
19 65 0 6
21 79 0 6
22 50 0 6
24 60 0 6
25 32 0 6
25 65 0 6
26 85 0 6
29 43 0 6
30 41 0 6
31 82 0 6
32 44 0 6
33 96 0 6
35 71 0 6
37 86 0 6
38 97 0 6
42 50 0 6
42 99 0 6
44 45 0 6
44 90 0 6
46 82 0 6
48 99 0 6
50 90 0 6
51 91 0 6
54 73 0 6
58 78 0 6
61 80 0 6
64 67 0 6
69 70 0 6
76 91 0 6
82 90 0 6
0 22 1 6
1 13 1 6
1 72 1 6
2 61 1 6
3 51 1 6
5 22 1 6
6 50 1 6
7 44 1 6
8 22 1 6
9 57 1 6
10 79 1 6
11 77 1 6
13 19 1 6
14 47 1 6
14 90 1 6
19 91 1 6
21 90 1 6
24 29 1 6
25 55 1 6
27 56 1 6
29 47 1 6
30 51 1 6
35 60 1 6
36 63 1 6
37 43 1 6
38 63 1 6
39 89 1 6
41 67 1 6
43 47 1 6
46 64 1 6
47 92 1 6
50 75 1 6
54 67 1 6
56 62 1 6
63 85 1 6
68 70 1 6
69 86 1 6
71 89 1 6
72 77 1 6
78 97 1 6
82 89 1 6
87 99 1 6
11 70 1 6
16 57 1 6
27 70 1 6
36 96 1 6
44 83 1 6
52 58 1 6
74 97 1 6
95 99 1 6
1 71 2 6
2 11 2 6
2 87 2 6
3 84 2 6
4 86 2 6
6 13 2 6
6 68 2 6
7 19 2 6
7 83 2 6
8 28 2 6
9 18 2 6
9 64 2 6
10 98 2 6
11 49 2 6
12 74 2 6
13 67 2 6
14 80 2 6
15 48 2 6
16 35 2 6
17 30 2 6
18 33 2 6
18 76 2 6
19 62 2 6
20 29 2 6
20 90 2 6
21 65 2 6
22 68 2 6
23 26 2 6
24 55 2 6
25 76 2 6
27 73 2 6
28 31 2 6
29 33 2 6
30 97 2 6
31 61 2 6
32 78 2 6
33 97 2 6
35 63 2 6
36 71 2 6
39 73 2 6
40 65 2 6
41 76 2 6
42 90 2 6
44 95 2 6
47 70 2 6
48 52 2 6
51 67 2 6
54 68 2 6
55 59 2 6
57 97 2 6
59 67 2 6
60 87 2 6
62 79 2 6
63 92 2 6
65 77 2 6
67 82 2 6
71 97 2 6
74 99 2 6
77 89 2 6
83 90 2 6
84 93 2 6
88 95 2 6
2 34 2 6
9 24 2 6
17 43 2 6
30 85 2 6
41 75 2 6
43 89 2 6
55 58 2 6
65 99 2 6
2 23 2 6
8 27 2 6
16 96 2 6
27 99 2 6
31 62 2 6
38 89 2 6
44 49 2 6
49 98 2 6
68 92 2 6
88 96 2 6
7 46 2 6
10 45 2 6
24 32 2 6
33 61 2 6
37 46 2 6
51 65 2 6
62 75 2 6
7 74 2 6
49 52 2 6
0 38 3 6
1 81 3 6
2 69 3 6
3 43 3 6
4 53 3 6
5 50 3 6
6 19 3 6
9 66 3 6
10 43 3 6
10 73 3 6
11 80 3 6
13 37 3 6
16 62 3 6
17 50 3 6
17 61 3 6
18 83 3 6
20 56 3 6
20 85 3 6
23 42 3 6
23 59 3 6
27 42 3 6
29 82 3 6
31 39 3 6
31 81 3 6
32 85 3 6
36 69 3 6
37 87 3 6
39 65 3 6
41 78 3 6
44 55 3 6
45 77 3 6
48 89 3 6
50 68 3 6
53 66 3 6
56 71 3 6
61 65 3 6
62 97 3 6
63 98 3 6
64 83 3 6
66 84 3 6
69 81 3 6
72 94 3 6
75 77 3 6
0 97 3 6
7 62 3 6
11 81 3 6
16 29 3 6
26 57 3 6
36 92 3 6
57 92 3 6
70 91 3 6
79 80 3 6
6 15 3 6
14 89 3 6
18 39 3 6
28 98 3 6
32 93 3 6
40 81 3 6
65 86 3 6
4 42 3 6
10 31 3 6
19 95 3 6
27 29 3 6
35 46 3 6
52 59 3 6
73 81 3 6
5 23 3 6
50 72 3 6
2 5 3 6
6 7 3 6
11 22 3 6
16 67 3 6
23 92 3 6
30 43 3 6
35 90 3 6
59 96 3 6
71 79 3 6
7 22 3 6
12 71 3 6
20 54 3 6
36 91 3 6
40 96 3 6
45 59 3 6
54 94 3 6
59 66 3 6
68 87 3 6
4 13 3 6
1 20 3 6
10 88 3 6
19 80 3 6
33 40 3 6
45 70 3 6
58 90 3 6
1 5 3 6
56 66 3 6
14 83 3 6
10 83 3 6
3 83 3 6
0 37 4 6
0 81 4 6
2 7 4 6
3 80 4 6
4 74 4 6
5 60 4 6
5 77 4 6
6 55 4 6
7 66 4 6
9 38 4 6
9 74 4 6
10 12 4 6
10 90 4 6
12 19 4 6
13 83 4 6
15 51 4 6
16 44 4 6
17 29 4 6
19 48 4 6
20 60 4 6
21 60 4 6
22 72 4 6
23 50 4 6
24 34 4 6
26 37 4 6
26 64 4 6
27 38 4 6
28 52 4 6
29 41 4 6
29 85 4 6
31 53 4 6
31 94 4 6
33 52 4 6
33 94 4 6
35 58 4 6
37 78 4 6
38 59 4 6
39 44 4 6
41 80 4 6
42 82 4 6
43 88 4 6
46 77 4 6
48 73 4 6
49 82 4 6
51 64 4 6
51 90 4 6
53 81 4 6
55 81 4 6
56 67 4 6
61 71 4 6
63 99 4 6
68 89 4 6
78 85 4 6
1 42 4 6
5 94 4 6
9 71 4 6
15 28 4 6
20 79 4 6
33 78 4 6
40 56 4 6
46 48 4 6
54 71 4 6
69 76 4 6
74 81 4 6
15 76 4 6
24 96 4 6
34 37 4 6
43 97 4 6
49 93 4 6
56 76 4 6
0 86 4 6
5 26 4 6
14 92 4 6
22 79 4 6
26 46 4 6
30 47 4 6
35 68 4 6
39 58 4 6
63 71 4 6
71 72 4 6
6 99 4 6
7 14 4 6
13 41 4 6
26 75 4 6
33 54 4 6
35 80 4 6
42 68 4 6
75 94 4 6
1 69 4 6
9 17 4 6
20 30 4 6
29 50 4 6
34 74 4 6
54 70 4 6
65 97 4 6
2 92 4 6
34 39 4 6
1 40 4 6
7 72 4 6
12 38 4 6
22 45 4 6
25 26 4 6
54 72 4 6
73 95 4 6
90 99 4 6
7 33 4 6
23 48 4 6
1 25 4 6
35 55 4 6
25 59 4 6
0 32 4 6
3 13 4 6
17 45 4 6
36 66 4 6
52 71 4 6
65 66 4 6
72 79 4 6
1 46 4 6
9 67 4 6
19 28 4 6
22 43 4 6
29 70 4 6
39 64 4 6
41 64 4 6
48 57 4 6
85 98 4 6
55 71 4 6
2 53 4 6
11 60 4 6
14 67 4 6
16 68 4 6
20 43 4 6
29 69 4 6
34 57 4 6
57 62 4 6
86 98 4 6
19 67 4 6
15 17 4 6
17 84 4 6
10 30 4 6
14 58 4 6
27 51 4 6
33 55 4 6
52 53 4 6
58 66 4 6
80 88 4 6
27 89 4 6
82 92 4 6
37 40 4 6
5 7 4 6
28 92 4 6
2 68 4 6
3 14 4 6
27 43 4 6
19 34 4 6
29 77 4 6
52 57 4 6
32 63 4 6
1 67 5 6
2 98 5 6
3 77 5 6
3 98 5 6
4 65 5 6
5 24 5 6
6 16 5 6
6 65 5 6
7 60 5 6
8 26 5 6
8 56 5 6
9 49 5 6
11 83 5 6
12 80 5 6
13 50 5 6
15 21 5 6
17 72 5 6
19 64 5 6
20 27 5 6
23 30 5 6
23 98 5 6
25 49 5 6
26 59 5 6
27 44 5 6
28 66 5 6
29 72 5 6
30 86 5 6
31 60 5 6
32 55 5 6
33 81 5 6
35 65 5 6
36 72 5 6
37 83 5 6
38 92 5 6
39 82 5 6
40 72 5 6
42 69 5 6
44 82 5 6
48 87 5 6
51 76 5 6
54 83 5 6
55 87 5 6
56 61 5 6
58 64 5 6
72 89 5 6
73 98 5 6
77 90 5 6
86 90 5 6
94 98 5 6
3 53 5 6
6 63 5 6
12 77 5 6
15 83 5 6
21 51 5 6
36 74 5 6
47 91 5 6
50 92 5 6
60 65 5 6
75 92 5 6
0 11 5 6
13 38 5 6
30 71 5 6
39 98 5 6
46 51 5 6
49 77 5 6
69 96 5 6
0 64 5 6
10 11 5 6
24 82 5 6
32 96 5 6
44 46 5 6
48 54 5 6
57 96 5 6
15 95 5 6
45 88 5 6
5 92 5 6
12 69 5 6
21 54 5 6
26 63 5 6
40 91 5 6
50 80 5 6
61 67 5 6
74 95 5 6
2 39 5 6
12 87 5 6
18 51 5 6
26 76 5 6
28 83 5 6
33 57 5 6
37 56 5 6
41 79 5 6
60 67 5 6
79 87 5 6
12 58 5 6
41 90 5 6
5 63 5 6
7 42 5 6
12 78 5 6
16 72 5 6
25 70 5 6
36 93 5 6
51 62 5 6
68 86 5 6
82 84 5 6
13 45 5 6
51 79 5 6
38 46 5 6
7 93 5 6
59 93 5 6
1 77 5 6
4 30 5 6
19 37 5 6
22 67 5 6
53 90 5 6
57 75 5 6
80 83 5 6
3 5 5 6
9 94 5 6
14 61 5 6
19 43 5 6
27 66 5 6
41 85 5 6
63 83 5 6
73 85 5 6
2 21 5 6
23 33 5 6
9 29 5 6
12 65 5 6
15 68 5 6
19 71 5 6
24 80 5 6
35 86 5 6
38 64 5 6
44 56 5 6
50 87 5 6
56 80 5 6
71 86 5 6
87 96 5 6
18 28 5 6
71 77 5 6
56 91 5 6
3 35 5 6
10 63 5 6
15 65 5 6
23 77 5 6
36 46 5 6
43 90 5 6
51 85 5 6
73 92 5 6
29 32 5 6
67 90 5 6
43 76 5 6
11 71 5 6
43 83 5 6
18 93 5 6
57 79 5 6
12 14 5 6
38 72 5 6
17 53 5 6
25 86 5 6
50 83 5 6
4 5 5 6
1 98 5 6
7 88 5 6
9 95 5 6
16 99 5 6
27 32 5 6
33 56 5 6
42 57 5 6
59 82 5 6
78 98 5 6
7 81 5 6
20 75 5 6
26 79 5 6
33 43 5 6
39 62 5 6
48 51 5 6
57 70 5 6
77 82 5 6
3 44 5 6
21 22 5 6
2 48 5 6
9 46 5 6
14 94 5 6
22 80 5 6
30 49 5 6
32 84 5 6
36 65 5 6
43 82 5 6
53 86 5 6
62 69 5 6
28 43 5 6
24 98 5 6
64 71 5 6
2 94 5 6
7 79 5 6
9 37 5 6
20 62 5 6
23 94 5 6
30 90 5 6
36 82 5 6
42 76 5 6
59 60 5 6
79 98 5 6
16 83 5 6
54 58 5 6
75 82 5 6
15 82 5 6
34 77 5 6
22 95 5 6
9 13 5 6
39 85 5 6
0 26 5 6
7 87 5 6
13 29 5 6
20 33 5 6
30 32 5 6
41 51 5 6
49 73 5 6
55 88 5 6
71 74 5 6
2 8 5 6
8 45 5 6
73 96 5 6
7 90 5 6
52 56 5 6
36 59 5 6
8 63 5 6
49 75 5 6
39 67 5 6
5 72 5 6
43 53 5 6
70 74 5 6
12 28 5 6
0 47 6 6
1 23 6 6
2 30 6 6
4 31 6 6
5 46 6 6
6 60 6 6
7 16 6 6
8 82 6 6
10 69 6 6
11 52 6 6
13 25 6 6
15 77 6 6
17 66 6 6
18 36 6 6
19 24 6 6
20 66 6 6
22 27 6 6
22 91 6 6
25 45 6 6
26 99 6 6
28 38 6 6
28 91 6 6
30 42 6 6
31 72 6 6
32 77 6 6
33 59 6 6
34 68 6 6
35 66 6 6
36 81 6 6
37 96 6 6
38 75 6 6
40 98 6 6
42 47 6 6
44 88 6 6
47 50 6 6
47 86 6 6
49 53 6 6
50 97 6 6
53 75 6 6
55 56 6 6
56 60 6 6
58 73 6 6
59 98 6 6
62 93 6 6
63 97 6 6
65 87 6 6
72 93 6 6
81 86 6 6
90 98 6 6
3 61 6 6
6 49 6 6
10 44 6 6
12 41 6 6
20 23 6 6
23 27 6 6
27 78 6 6
42 77 6 6
57 98 6 6
70 73 6 6
80 92 6 6
3 42 6 6
7 11 6 6
12 90 6 6
20 26 6 6
27 87 6 6
35 64 6 6
38 60 6 6
45 68 6 6
58 87 6 6
67 99 6 6
82 83 6 6
5 67 6 6
11 21 6 6
15 63 6 6
28 61 6 6
37 90 6 6
41 87 6 6
45 49 6 6
53 61 6 6
68 73 6 6
10 32 6 6
0 44 6 6
18 54 6 6
24 71 6 6
34 98 6 6
41 77 6 6
74 84 6 6
3 87 6 6
8 68 6 6
16 88 6 6
28 44 6 6
33 91 6 6
43 96 6 6
61 96 6 6
32 65 6 6
0 18 6 6
7 85 6 6
11 23 6 6
17 47 6 6
22 24 6 6
25 94 6 6
36 43 6 6
42 46 6 6
50 99 6 6
61 79 6 6
74 91 6 6
0 1 6 6
33 58 6 6
5 59 6 6
41 50 6 6
26 34 6 6
10 70 6 6
16 81 6 6
25 77 6 6
31 44 6 6
49 91 6 6
55 99 6 6
92 94 6 6
9 44 6 6
21 80 6 6
31 37 6 6
37 53 6 6
44 68 6 6
57 89 6 6
65 76 6 6
2 42 6 6
10 76 6 6
56 94 6 6
74 75 6 6
10 39 6 6
76 87 6 6
21 47 6 6
55 89 6 6
0 14 6 6
13 31 6 6
15 19 6 6
25 99 6 6
30 60 6 6
47 56 6 6
55 72 6 6
68 95 6 6
92 95 6 6
25 53 6 6
9 61 6 6
61 89 6 6
7 12 6 6
48 85 6 6
79 83 6 6
22 93 6 6
46 89 6 6
53 94 6 6
9 98 6 6
28 56 6 6
2 75 6 6
12 17 6 6
21 89 6 6
45 66 6 6
57 65 6 6
80 89 6 6
0 5 6 6
8 17 6 6
14 82 6 6
18 24 6 6
25 42 6 6
31 80 6 6
39 46 6 6
45 83 6 6
56 89 6 6
69 94 6 6
5 55 6 6
31 57 6 6
0 77 6 6
5 83 6 6
10 41 6 6
16 41 6 6
29 30 6 6
41 94 6 6
57 59 6 6
75 95 6 6
92 96 6 6
32 88 6 6
26 31 6 6
59 88 6 6
20 25 6 6
10 65 6 6
4 67 6 6
12 55 6 6
16 82 6 6
24 36 6 6
28 47 6 6
36 57 6 6
42 89 6 6
49 76 6 6
19 47 6 6
3 90 6 6
12 84 6 6
37 76 6 6
60 64 6 6
30 79 6 6
19 70 6 6
48 65 6 6
54 59 6 6
3 31 6 6
12 82 6 6
21 37 6 6
53 63 6 6
68 69 6 6
6 69 6 6
58 80 6 6
4 69 6 6
44 71 6 6
5 37 6 6
32 46 6 6
53 87 6 6
14 62 6 6
67 69 6 6
27 46 6 6
32 54 6 6
9 70 6 6
15 98 6 6
50 77 6 6
4 22 6 6
19 84 6 6
3 63 6 6
7 18 6 6
14 26 6 6
20 42 6 6
34 65 6 6
38 40 6 6
48 55 6 6
4 87 6 6
9 27 6 6
14 27 6 6
17 52 6 6
20 88 6 6
30 35 6 6
45 92 6 6
60 94 6 6
39 49 6 6
0 80 6 6
8 62 6 6
17 35 6 6
33 79 6 6
39 71 6 6
47 76 6 6
53 69 6 6
74 96 6 6
18 57 6 6
72 81 6 6
32 43 6 6
2 76 6 6
12 30 6 6
18 25 6 6
30 99 6 6
45 87 6 6
57 95 6 6
5 35 6 6
49 80 6 6
2 12 6 6
19 77 6 6
15 60 6 6
70 90 6 6
11 66 6 6
80 95 6 6
5 39 6 6
2 91 6 6
7 59 6 6
13 46 6 6
15 62 6 6
25 33 6 6
34 45 6 6
43 46 6 6
46 92 6 6
64 73 6 6
1 79 6 6
13 82 6 6
32 40 6 6
10 37 6 6
29 97 6 6
58 63 6 6
36 67 6 6
2 88 6 6
46 71 6 6
2 58 6 6
32 68 6 6
53 60 6 6
49 89 6 6
54 78 6 6
25 30 6 6
69 80 6 6
15 97 6 6
40 74 6 6
1 92 6 6
64 89 6 6
35 97 6 6
2 32 6 6
14 77 6 6
19 29 6 6
26 89 6 6
38 82 6 6
52 55 6 6
29 63 6 6
80 87 6 6
12 39 6 6
7 38 6 6
7 80 6 6
42 52 6 6
19 56 6 6
76 82 6 6
1 57 6 6
13 99 6 6
43 72 6 6
25 69 6 6
15 36 6 6
23 57 6 6
23 76 6 6
13 65 6 6
53 83 6 6
12 79 6 6
52 95 6 6
1 26 6 6
10 59 6 6
44 47 6 6
16 43 6 6
41 49 6 6
95 96 6 6
37 72 6 6
68 79 6 6
37 45 6 6
55 68 6 6
7 15 6 6
52 77 6 6
89 91 6 6
0 49 0 7
1 22 0 7
2 18 0 7
2 95 0 7
4 11 0 7
6 35 0 7
6 71 0 7
8 21 0 7
9 68 0 7
11 37 0 7
14 54 0 7
16 21 0 7
17 68 0 7
19 44 0 7
22 28 0 7
26 71 0 7
29 61 0 7
31 93 0 7
34 83 0 7
37 69 0 7
40 45 0 7
41 62 0 7
43 80 0 7
45 97 0 7
48 80 0 7
51 73 0 7
52 87 0 7
55 84 0 7
62 70 0 7
70 75 0 7
74 77 0 7
79 92 0 7
85 86 0 7
0 71 1 7
2 74 1 7
3 36 1 7
5 78 1 7
6 28 1 7
7 63 1 7
10 52 1 7
11 34 1 7
12 32 1 7
15 96 1 7
17 31 1 7
18 40 1 7
19 21 1 7
21 66 1 7
23 28 1 7
25 71 1 7
26 32 1 7
28 50 1 7
28 89 1 7
31 98 1 7
32 94 1 7
34 61 1 7
36 75 1 7
40 55 1 7
41 60 1 7
42 72 1 7
43 86 1 7
46 88 1 7
50 52 1 7
53 57 1 7
55 90 1 7
59 75 1 7
61 77 1 7
64 93 1 7
65 92 1 7
70 83 1 7
75 97 1 7
84 97 1 7
4 35 1 7
6 85 1 7
20 48 1 7
26 53 1 7
55 80 1 7
67 83 1 7
90 92 1 7
1 30 2 7
1 82 2 7
4 23 2 7
5 32 2 7
6 52 2 7
7 52 2 7
8 85 2 7
10 54 2 7
11 62 2 7
12 98 2 7
16 90 2 7
19 23 2 7
20 53 2 7
23 55 2 7
24 95 2 7
27 88 2 7
28 77 2 7
33 44 2 7
35 81 2 7
38 93 2 7
42 64 2 7
44 73 2 7
49 62 2 7
56 69 2 7
57 71 2 7
60 66 2 7
64 68 2 7
66 86 2 7
75 85 2 7
82 99 2 7
0 42 2 7
7 68 2 7
13 18 2 7
23 39 2 7
33 88 2 7
42 93 2 7
73 99 2 7
81 98 2 7
5 16 2 7
17 87 2 7
33 48 2 7
55 60 2 7
67 86 2 7
0 98 2 7
3 69 2 7
12 93 2 7
19 49 2 7
27 40 2 7
30 65 2 7
76 88 2 7
68 74 2 7
1 27 3 7
2 85 3 7
5 93 3 7
9 89 3 7
11 61 3 7
12 76 3 7
14 66 3 7
18 52 3 7
24 39 3 7
25 64 3 7
26 50 3 7
31 64 3 7
34 41 3 7
35 56 3 7
38 70 3 7
43 69 3 7
45 55 3 7
47 68 3 7
51 58 3 7
54 75 3 7
58 81 3 7
63 72 3 7
67 70 3 7
83 88 3 7
91 92 3 7
9 10 3 7
21 33 3 7
31 50 3 7
54 62 3 7
0 56 3 7
8 73 3 7
11 76 3 7
23 43 3 7
35 41 3 7
50 96 3 7
62 85 3 7
13 73 3 7
25 39 3 7
29 88 3 7
45 79 3 7
87 97 3 7
42 44 3 7
4 54 3 7
13 62 3 7
21 75 3 7
47 81 3 7
68 71 3 7
0 2 3 7
6 31 3 7
32 90 3 7
64 85 3 7
82 97 3 7
5 99 3 7
23 80 3 7
46 86 3 7
13 26 3 7
40 86 3 7
1 44 4 7
4 16 4 7
9 63 4 7
10 64 4 7
12 97 4 7
14 70 4 7
19 26 4 7
21 48 4 7
22 97 4 7
25 58 4 7
26 45 4 7
26 84 4 7
27 93 4 7
29 52 4 7
31 66 4 7
33 80 4 7
35 98 4 7
37 62 4 7
41 68 4 7
43 56 4 7
45 61 4 7
48 50 4 7
52 88 4 7
57 64 4 7
59 74 4 7
64 86 4 7
65 96 4 7
73 90 4 7
79 94 4 7
8 59 4 7
16 63 4 7
23 97 4 7
30 48 4 7
41 96 4 7
50 64 4 7
7 40 4 7
20 77 4 7
31 35 4 7
65 68 4 7
13 54 4 7
38 39 4 7
58 74 4 7
83 85 4 7
51 96 4 7
3 92 4 7
9 99 4 7
22 74 4 7
34 42 4 7
47 98 4 7
52 76 4 7
59 73 4 7
7 50 4 7
43 45 4 7
78 84 4 7
3 6 4 7
10 21 4 7
15 53 4 7
20 35 4 7
27 77 4 7
32 97 4 7
41 83 4 7
45 46 4 7
62 64 4 7
12 66 4 7
9 43 4 7
33 85 4 7
7 21 4 7
37 73 4 7
5 10 4 7
9 25 4 7
21 38 4 7
34 81 4 7
40 42 4 7
76 94 4 7
2 17 4 7
5 21 4 7
12 42 4 7
19 52 4 7
33 60 4 7
42 74 4 7
68 99 4 7
8 23 4 7
6 97 4 7
86 94 4 7
54 65 4 7
6 38 4 7
14 21 4 7
19 55 4 7
45 72 4 7
68 84 4 7
27 28 4 7
19 61 4 7
12 99 4 7
37 91 4 7
22 29 4 7
22 94 4 7
7 82 4 7
1 12 5 7
2 4 5 7
3 25 5 7
3 86 5 7
5 65 5 7
7 91 5 7
8 72 5 7
9 72 5 7
10 58 5 7
12 37 5 7
13 22 5 7
13 78 5 7
15 35 5 7
16 64 5 7
18 21 5 7
20 84 5 7
22 87 5 7
24 38 5 7
25 82 5 7
29 55 5 7
33 39 5 7
39 68 5 7
41 63 5 7
42 56 5 7
45 53 5 7
46 91 5 7
48 58 5 7
54 90 5 7
56 84 5 7
59 62 5 7
60 63 5 7
60 93 5 7
66 75 5 7
69 78 5 7
70 85 5 7
72 76 5 7
76 80 5 7
83 93 5 7
91 99 5 7
0 23 5 7
5 13 5 7
8 39 5 7
33 99 5 7
44 76 5 7
65 70 5 7
3 76 5 7
9 85 5 7
20 45 5 7
24 52 5 7
37 77 5 7
82 95 5 7
16 54 5 7
19 89 5 7
30 73 5 7
39 41 5 7
54 81 5 7
70 72 5 7
1 61 5 7
0 91 5 7
24 88 5 7
53 74 5 7
87 91 5 7
17 48 5 7
31 92 5 7
43 77 5 7
63 69 5 7
0 65 5 7
8 76 5 7
20 87 5 7
33 69 5 7
45 81 5 7
58 62 5 7
27 69 5 7
43 68 5 7
9 52 5 7
18 32 5 7
27 55 5 7
34 75 5 7
42 54 5 7
61 85 5 7
1 39 5 7
16 78 5 7
24 85 5 7
39 54 5 7
42 98 5 7
55 95 5 7
78 90 5 7
50 59 5 7
3 38 5 7
9 93 5 7
30 78 5 7
36 61 5 7
47 51 5 7
57 83 5 7
81 94 5 7
26 95 5 7
3 49 5 7
48 70 5 7
89 96 5 7
12 67 5 7
19 87 5 7
26 47 5 7
78 99 5 7
2 36 5 7
16 84 5 7
34 80 5 7
73 91 5 7
13 64 5 7
18 46 5 7
31 55 5 7
64 82 5 7
9 76 5 7
18 48 5 7
23 45 5 7
32 39 5 7
51 80 5 7
63 88 5 7
87 89 5 7
4 93 5 7
11 87 5 7
27 54 5 7
73 83 5 7
23 36 5 7
62 72 5 7
44 98 5 7
1 66 5 7
8 52 5 7
11 86 5 7
18 47 5 7
27 57 5 7
35 62 5 7
50 86 5 7
1 24 5 7
22 46 5 7
37 80 5 7
30 89 5 7
2 15 5 7
1 55 5 7
12 63 5 7
16 56 5 7
32 35 5 7
38 80 5 7
46 50 5 7
57 80 5 7
9 97 5 7
38 81 5 7
3 10 5 7
77 98 5 7
62 63 5 7
64 77 5 7
22 23 5 7
13 15 5 7
78 96 5 7
70 78 5 7
76 99 5 7
46 56 5 7
61 98 5 7
26 91 5 7
21 84 5 7
41 72 5 7
0 68 6 7
2 14 6 7
4 14 6 7
4 99 6 7
6 79 6 7
11 38 6 7
15 90 6 7
16 77 6 7
19 75 6 7
20 36 6 7
20 95 6 7
21 52 6 7
25 31 6 7
26 49 6 7
27 68 6 7
29 46 6 7
31 33 6 7
32 60 6 7
33 92 6 7
36 41 6 7
37 81 6 7
39 40 6 7
42 86 6 7
45 57 6 7
46 57 6 7
47 73 6 7
50 66 6 7
52 97 6 7
55 85 6 7
64 94 6 7
68 76 6 7
71 94 6 7
75 99 6 7
83 98 6 7
7 92 6 7
15 64 6 7
35 82 6 7
45 78 6 7
61 97 6 7
1 59 6 7
25 63 6 7
40 58 6 7
52 78 6 7
70 87 6 7
13 93 6 7
23 90 6 7
40 49 6 7
46 62 6 7
62 86 6 7
91 93 6 7
2 46 6 7
26 82 6 7
36 77 6 7
52 66 6 7
68 88 6 7
11 89 6 7
24 61 6 7
40 77 6 7
56 75 6 7
76 98 6 7
43 78 6 7
23 47 6 7
30 61 6 7
70 84 6 7
14 35 6 7
11 19 6 7
14 55 6 7
72 82 6 7
7 64 6 7
21 71 6 7
31 87 6 7
37 44 6 7
45 86 6 7
59 84 6 7
79 82 6 7
13 21 6 7
25 81 6 7
32 87 6 7
51 82 6 7
67 95 6 7
1 14 6 7
8 54 6 7
19 38 6 7
24 49 6 7
37 88 6 7
55 63 6 7
85 92 6 7
74 79 6 7
32 80 6 7
19 45 6 7
31 88 6 7
44 66 6 7
86 96 6 7
62 89 6 7
20 78 6 7
8 61 6 7
65 72 6 7
16 94 6 7
17 41 6 7
59 97 6 7
33 90 6 7
66 93 6 7
1 43 6 7
12 75 6 7
23 87 6 7
30 39 6 7
41 82 6 7
48 79 6 7
58 99 6 7
89 94 6 7
2 97 6 7
12 33 6 7
15 59 6 7
22 30 6 7
36 80 6 7
52 99 6 7
68 83 6 7
2 49 6 7
26 29 6 7
30 70 6 7
56 57 6 7
91 98 6 7
35 67 6 7
26 54 6 7
77 80 6 7
5 17 6 7
62 80 6 7
1 86 6 7
9 58 6 7
17 37 6 7
38 95 6 7
50 73 6 7
63 90 6 7
19 98 6 7
9 82 6 7
97 99 6 7
44 54 6 7
20 93 6 7
0 95 6 7
65 82 6 7
7 10 6 7
76 92 6 7
1 15 6 7
10 82 6 7
23 99 6 7
42 73 6 7
55 73 6 7
3 73 6 7
11 59 6 7
37 51 6 7
54 85 6 7
78 82 6 7
12 81 6 7
7 32 6 7
20 71 6 7
30 67 6 7
50 71 6 7
4 96 6 7
9 16 6 7
13 36 6 7
6 72 6 7
20 80 6 7
36 88 6 7
44 77 6 7
74 88 6 7
26 88 6 7
1 70 6 7
41 55 6 7
3 54 6 7
20 76 6 7
4 89 6 7
14 63 6 7
31 85 6 7
45 85 6 7
81 82 6 7
45 71 6 7
23 60 6 7
17 71 6 7
11 94 6 7
14 49 6 7
3 19 6 7
61 69 6 7
63 84 6 7
4 12 6 7
15 18 6 7
31 67 6 7
4 84 6 7
11 58 6 7
37 68 6 7
63 67 6 7
19 27 6 7
4 83 6 7
30 64 6 7
31 97 6 7
49 72 6 7
32 58 6 7
22 89 6 7
30 91 6 7
7 55 6 7
32 98 6 7
11 73 6 7
5 86 6 7
25 80 6 7
3 72 6 7
14 51 6 7
34 40 6 7
35 78 6 7
14 25 6 7
44 99 6 7
18 81 6 7
8 67 6 7
44 63 6 7
0 54 7 7
1 62 7 7
2 45 7 7
3 16 7 7
3 82 7 7
4 73 7 7
5 54 7 7
9 62 7 7
11 91 7 7
13 39 7 7
15 43 7 7
15 94 7 7
18 29 7 7
19 68 7 7
20 73 7 7
22 36 7 7
24 27 7 7
29 31 7 7
31 58 7 7
34 89 7 7
38 44 7 7
39 97 7 7
41 86 7 7
49 66 7 7
55 92 7 7
58 70 7 7
61 62 7 7
67 77 7 7
70 92 7 7
73 88 7 7
79 97 7 7
87 88 7 7
0 46 7 7
4 57 7 7
9 92 7 7
14 85 7 7
22 44 7 7
29 37 7 7
40 61 7 7
52 89 7 7
62 83 7 7
9 56 7 7
15 39 7 7
29 87 7 7
38 67 7 7
52 68 7 7
69 72 7 7
8 29 7 7
14 72 7 7
18 71 7 7
26 62 7 7
40 92 7 7
36 85 7 7
3 85 7 7
21 24 7 7
30 66 7 7
51 54 7 7
62 81 7 7
72 92 7 7
12 35 7 7
18 31 7 7
22 92 7 7
29 75 7 7
46 97 7 7
68 80 7 7
13 49 7 7
5 9 7 7
19 58 7 7
27 37 7 7
34 62 7 7
51 94 7 7
35 94 7 7
34 73 7 7
78 86 7 7
4 94 7 7
8 93 7 7
18 79 7 7
23 78 7 7
32 42 7 7
48 67 7 7
75 88 7 7
2 33 7 7
15 22 7 7
26 43 7 7
35 77 7 7
41 95 7 7
64 70 7 7
13 74 7 7
23 89 7 7
31 52 7 7
53 80 7 7
77 84 7 7
43 64 7 7
16 79 7 7
58 72 7 7
24 67 7 7
75 78 7 7
3 58 7 7
11 16 7 7
18 30 7 7
30 38 7 7
54 86 7 7
34 43 7 7
13 33 7 7
47 78 7 7
1 87 7 7
9 77 7 7
35 85 7 7
58 59 7 7
77 85 7 7
21 31 7 7
34 88 7 7
52 67 7 7
74 82 7 7
28 84 7 7
4 58 7 7
23 63 7 7
41 54 7 7
64 84 7 7
24 46 7 7
49 81 7 7
4 41 7 7
20 94 7 7
35 49 7 7
40 94 7 7
46 96 7 7
68 78 7 7
28 57 7 7
77 87 7 7
24 62 7 7
39 52 7 7
26 27 7 7
4 59 7 7
11 85 7 7
19 20 7 7
22 57 7 7
44 97 7 7
48 94 7 7
58 68 7 7
25 34 7 7
56 65 7 7
50 74 7 7
60 77 7 7
8 41 7 7
39 78 7 7
45 58 7 7
40 59 7 7
49 63 7 7
8 96 7 7
15 52 7 7
35 39 7 7
44 70 7 7
50 82 7 7
0 31 7 7
6 81 7 7
16 60 7 7
42 63 7 7
83 89 7 7
81 85 7 7
11 96 7 7
23 75 7 7
28 40 7 7
10 57 7 7
42 43 7 7
13 17 7 7
21 32 7 7
50 95 7 7
58 61 7 7
22 70 7 7
12 53 7 7
32 38 7 7
10 14 7 7
16 86 7 7
29 67 7 7
8 9 7 7
11 65 7 7
52 61 7 7
66 79 7 7
4 92 7 7
45 90 7 7
8 40 7 7
19 53 7 7
13 71 7 7
29 38 7 7
86 87 7 7
33 86 7 7
11 53 7 7
64 74 7 7
16 18 7 7
6 89 7 7
11 33 7 7
22 51 7 7
2 57 7 7
2 3 7 7
20 21 7 7
79 96 7 7
12 61 7 7
43 55 7 7
51 87 7 7
1 34 7 7
66 74 7 7
37 67 7 7
29 99 7 7
6 14 7 7
44 72 7 7
65 98 7 7
39 99 7 7
42 88 7 7
43 71 7 7
27 41 7 7
6 61 7 7
13 80 7 7
25 65 7 7
35 71 7 7
44 45 7 7
58 78 7 7
0 22 7 7
13 19 7 7
27 56 7 7
46 64 7 7
63 85 7 7
11 70 7 7
44 83 7 7
4 86 7 7
9 18 7 7
16 35 7 7
20 29 7 7
23 26 7 7
39 73 7 7
59 67 7 7
55 58 7 7
33 61 7 7
1 81 7 7
5 50 7 7
13 37 7 7
53 66 7 7
63 98 7 7
36 92 7 7
40 81 7 7
73 81 7 7
16 67 7 7
40 96 7 7
4 13 7 7
45 70 7 7
3 83 7 7
5 60 7 7
21 60 7 7
29 41 7 7
43 88 7 7
51 90 7 7
68 89 7 7
40 56 7 7
43 97 7 7
71 72 7 7
65 97 7 7
25 26 7 7
17 45 7 7
72 79 7 7
22 43 7 7
48 57 7 7
11 60 7 7
57 62 7 7
27 51 7 7
37 40 7 7
32 63 7 7
9 49 7 7
26 59 7 7
38 92 7 7
48 87 7 7
6 63 7 7
15 95 7 7
40 91 7 7
68 86 7 7
7 93 7 7
53 90 7 7
27 66 7 7
12 65 7 7
43 90 7 7
43 83 7 7
50 83 7 7
42 57 7 7
26 79 7 7
14 94 7 7
62 69 7 7
42 76 7 7
0 26 7 7
41 51 7 7
52 56 7 7
39 67 7 7
12 28 7 7
13 25 7 7
19 24 7 7
26 99 7 7
34 68 7 7
44 88 7 7
56 60 7 7
12 41 7 7
42 77 7 7
82 83 7 7
41 87 7 7
7 85 7 7
33 58 7 7
2 42 7 7
25 99 7 7
68 95 7 7
12 17 7 7
8 17 7 7
5 55 7 7
29 30 7 7
20 25 7 7
49 76 7 7
60 64 7 7
3 31 7 7
14 62 7 7
15 98 7 7
14 27 7 7
32 43 7 7
7 59 7 7
34 45 7 7
58 63 7 7
54 78 7 7
12 39 7 7
23 76 7 7
41 49 7 7
0 93 0 8
6 51 0 8
8 48 0 8
9 39 0 8
15 67 0 8
24 86 0 8
31 32 0 8
36 54 0 8
39 61 0 8
47 75 0 8
52 62 0 8
56 82 0 8
60 79 0 8
66 99 0 8
72 87 0 8
83 94 0 8
2 9 1 8
3 95 1 8
5 29 1 8
6 86 1 8
8 84 1 8
13 27 1 8
15 45 1 8
16 76 1 8
18 53 1 8
21 50 1 8
23 69 1 8
24 93 1 8
26 36 1 8
29 57 1 8
33 98 1 8
35 88 1 8
42 75 1 8
48 66 1 8
50 89 1 8
60 85 1 8
65 71 1 8
72 86 1 8
80 86 1 8
5 6 1 8
13 58 1 8
41 44 1 8
1 60 2 8
5 38 2 8
7 13 2 8
9 80 2 8
10 81 2 8
12 21 2 8
15 41 2 8
18 72 2 8
21 74 2 8
22 88 2 8
26 74 2 8
30 33 2 8
31 47 2 8
33 64 2 8
39 51 2 8
41 66 2 8
45 91 2 8
52 93 2 8
55 70 2 8
61 68 2 8
64 91 2 8
69 99 2 8
78 91 2 8
86 93 2 8
9 54 2 8
62 66 2 8
80 81 2 8
11 57 2 8
40 73 2 8
60 99 2 8
0 29 2 8
60 90 2 8
53 72 2 8
2 99 3 8
8 20 3 8
10 56 3 8
13 98 3 8
16 32 3 8
17 55 3 8
21 57 3 8
22 90 3 8
26 40 3 8
29 35 3 8
32 66 3 8
37 38 3 8
39 48 3 8
40 48 3 8
42 61 3 8
44 92 3 8
49 94 3 8
53 91 3 8
56 93 3 8
61 86 3 8
77 81 3 8
88 97 3 8
13 32 3 8
29 59 3 8
64 76 3 8
5 8 3 8
31 71 3 8
55 96 3 8
87 95 3 8
8 12 3 8
41 53 3 8
62 67 3 8
66 83 3 8
0 7 3 8
27 96 3 8
42 91 3 8
24 89 3 8
38 45 3 8
57 81 3 8
1 64 3 8
14 74 3 8
35 95 3 8
47 90 3 8
20 63 3 8
56 88 3 8
0 55 4 8
2 20 4 8
4 25 4 8
7 36 4 8
8 49 4 8
11 25 4 8
12 73 4 8
15 93 4 8
17 90 4 8
19 94 4 8
23 67 4 8
34 87 4 8
36 86 4 8
38 91 4 8
43 75 4 8
49 65 4 8
54 69 4 8
67 94 4 8
71 80 4 8
75 80 4 8
12 96 4 8
28 90 4 8
56 98 4 8
1 93 4 8
5 47 4 8
18 59 4 8
36 60 4 8
66 97 4 8
7 24 4 8
66 98 4 8
11 50 4 8
29 93 4 8
23 96 4 8
31 70 4 8
15 58 4 8
6 24 4 8
17 83 4 8
23 35 4 8
16 53 4 8
70 82 4 8
55 79 4 8
13 87 4 8
35 57 4 8
15 88 4 8
35 51 4 8
50 63 4 8
6 62 4 8
17 91 4 8
10 84 4 8
13 42 4 8
31 59 4 8
53 99 4 8
21 96 4 8
6 91 4 8
3 68 5 8
8 46 5 8
10 24 5 8
11 48 5 8
12 57 5 8
14 38 5 8
16 92 5 8
19 78 5 8
23 53 5 8
25 37 5 8
27 86 5 8
31 91 5 8
34 60 5 8
35 70 5 8
37 64 5 8
41 74 5 8
46 69 5 8
49 88 5 8
51 60 5 8
57 69 5 8
61 66 5 8
69 95 5 8
80 94 5 8
85 95 5 8
1 85 5 8
9 50 5 8
23 82 5 8
84 92 5 8
26 55 5 8
47 94 5 8
78 92 5 8
17 57 5 8
34 36 5 8
60 72 5 8
62 96 5 8
19 42 5 8
11 29 5 8
22 38 5 8
64 80 5 8
9 31 5 8
13 30 5 8
22 73 5 8
54 77 5 8
2 80 5 8
15 37 5 8
24 30 5 8
53 71 5 8
8 89 5 8
43 61 5 8
11 78 5 8
24 69 5 8
38 84 5 8
48 92 5 8
72 96 5 8
12 47 5 8
21 29 5 8
12 24 5 8
0 85 5 8
14 29 5 8
41 91 5 8
63 66 5 8
30 37 5 8
1 45 5 8
8 87 5 8
28 73 5 8
56 99 5 8
53 65 5 8
17 95 5 8
20 70 5 8
19 99 5 8
32 37 5 8
12 60 5 8
24 99 5 8
46 68 5 8
5 43 5 8
22 61 5 8
36 47 5 8
55 74 5 8
9 14 5 8
19 41 5 8
35 47 5 8
58 76 5 8
29 40 5 8
17 40 5 8
4 97 5 8
10 38 5 8
31 96 5 8
41 48 5 8
65 69 5 8
33 76 5 8
22 35 5 8
4 37 5 8
77 96 5 8
14 33 5 8
25 68 5 8
74 94 5 8
22 75 5 8
0 59 5 8
21 73 5 8
0 6 6 8
2 56 6 8
5 57 6 8
7 61 6 8
10 17 6 8
17 42 6 8
18 58 6 8
21 35 6 8
24 44 6 8
25 61 6 8
25 96 6 8
37 59 6 8
41 71 6 8
44 64 6 8
46 75 6 8
53 88 6 8
59 65 6 8
66 92 6 8
67 91 6 8
76 96 6 8
1 19 6 8
21 91 6 8
30 34 6 8
38 50 6 8
9 28 6 8
15 30 6 8
30 87 6 8
44 81 6 8
63 77 6 8
0 8 6 8
9 11 6 8
79 95 6 8
52 84 6 8
44 65 6 8
57 88 6 8
6 46 6 8
49 99 6 8
82 94 6 8
64 87 6 8
6 74 6 8
12 70 6 8
38 66 6 8
18 84 6 8
34 69 6 8
5 80 6 8
34 53 6 8
5 58 6 8
14 41 6 8
9 79 6 8
21 69 6 8
33 74 6 8
62 90 6 8
78 87 6 8
8 57 6 8
44 80 6 8
14 32 6 8
29 92 6 8
48 77 6 8
75 93 6 8
20 91 6 8
57 82 6 8
11 18 6 8
0 17 6 8
27 81 6 8
39 74 6 8
60 88 6 8
34 63 6 8
47 63 6 8
14 71 6 8
27 31 6 8
45 64 6 8
79 85 6 8
65 88 6 8
42 70 6 8
47 97 6 8
0 10 6 8
10 66 6 8
17 85 6 8
32 99 6 8
81 97 6 8
30 50 6 8
46 84 6 8
55 64 6 8
15 29 6 8
42 55 6 8
60 68 6 8
19 79 6 8
28 87 6 8
20 72 6 8
3 50 6 8
3 75 6 8
29 56 6 8
5 11 6 8
18 64 6 8
52 96 6 8
18 98 6 8
58 85 6 8
48 84 6 8
11 30 6 8
22 39 6 8
31 89 6 8
69 79 6 8
2 90 6 8
5 20 6 8
0 48 6 8
23 71 6 8
39 72 6 8
60 74 6 8
85 99 6 8
14 52 6 8
12 56 6 8
5 70 6 8
41 46 6 8
1 18 6 8
18 22 6 8
40 95 6 8
7 37 6 8
77 83 6 8
4 66 6 8
17 78 6 8
10 29 6 8
0 15 6 8
20 81 6 8
24 58 6 8
16 30 6 8
29 79 6 8
42 92 6 8
76 90 6 8
41 69 6 8
51 77 6 8
24 41 6 8
18 91 6 8
54 55 6 8
4 71 6 8
84 85 6 8
6 84 6 8
70 88 6 8
73 78 6 8
35 48 6 8
1 3 7 8
2 86 7 8
4 38 7 8
10 13 7 8
14 69 7 8
16 48 7 8
19 36 7 8
23 34 7 8
24 97 7 8
30 80 7 8
33 75 7 8
36 90 7 8
50 79 7 8
51 97 7 8
59 79 7 8
63 75 7 8
68 96 7 8
76 81 7 8
89 93 7 8
7 28 7 8
18 82 7 8
46 87 7 8
57 77 7 8
6 75 7 8
27 62 7 8
61 93 7 8
4 82 7 8
17 26 7 8
31 63 7 8
37 70 7 8
61 64 7 8
59 92 7 8
9 59 7 8
16 89 7 8
33 66 7 8
55 94 7 8
0 19 7 8
7 34 7 8
33 37 7 8
74 85 7 8
71 81 7 8
36 51 7 8
44 79 7 8
80 84 7 8
7 9 7 8
28 60 7 8
8 80 7 8
58 83 7 8
84 89 7 8
0 45 7 8
17 69 7 8
10 74 7 8
16 31 7 8
82 87 7 8
13 86 7 8
38 78 7 8
50 65 7 8
71 84 7 8
19 35 7 8
55 69 7 8
61 91 7 8
21 58 7 8
21 61 7 8
13 94 7 8
23 68 7 8
52 92 7 8
2 47 7 8
24 75 7 8
60 69 7 8
10 49 7 8
8 43 7 8
13 20 7 8
17 44 7 8
31 99 7 8
6 56 7 8
54 56 7 8
1 88 7 8
22 78 7 8
26 96 7 8
59 87 7 8
15 78 7 8
18 70 7 8
10 96 7 8
16 58 7 8
13 52 7 8
23 83 7 8
40 63 7 8
35 92 7 8
12 68 7 8
47 74 7 8
59 76 7 8
21 62 7 8
17 21 7 8
90 93 7 8
32 50 7 8
1 63 7 8
10 42 7 8
25 67 7 8
86 92 7 8
12 91 7 8
19 66 7 8
28 75 7 8
35 75 7 8
5 15 7 8
14 39 7 8
18 66 7 8
24 63 7 8
60 97 7 8
76 78 7 8
59 71 7 8
9 15 7 8
24 51 7 8
33 41 7 8
43 44 7 8
58 95 7 8
22 59 7 8
10 93 7 8
69 93 7 8
51 66 7 8
25 43 7 8
4 52 7 8
20 89 7 8
29 66 7 8
61 94 7 8
27 59 7 8
60 75 7 8
74 76 7 8
10 53 7 8
32 59 7 8
17 67 7 8
40 47 7 8
38 68 7 8
5 44 7 8
33 63 7 8
56 73 7 8
14 42 7 8
27 95 7 8
36 39 7 8
43 84 7 8
36 84 7 8
6 87 7 8
30 59 7 8
61 95 7 8
25 74 7 8
34 52 7 8
52 74 7 8
4 81 7 8
74 93 7 8
38 74 7 8
38 49 7 8
3 78 7 8
17 39 7 8
24 60 7 8
38 97 7 8
6 50 7 8
36 63 7 8
27 70 7 8
2 87 7 8
14 80 7 8
21 65 7 8
32 78 7 8
55 59 7 8
65 77 7 8
41 75 7 8
38 89 7 8
3 43 7 8
37 87 7 8
61 65 7 8
7 62 7 8
70 91 7 8
28 98 7 8
27 29 7 8
20 54 7 8
56 66 7 8
7 66 7 8
10 90 7 8
27 38 7 8
35 58 7 8
9 71 7 8
26 46 7 8
1 69 7 8
23 48 7 8
52 71 7 8
55 71 7 8
17 84 7 8
3 77 7 8
13 50 7 8
32 55 7 8
86 90 7 8
0 64 7 8
12 69 7 8
26 76 7 8
79 87 7 8
51 79 7 8
9 94 7 8
24 80 7 8
29 32 7 8
38 72 7 8
16 99 7 8
21 22 7 8
64 71 7 8
75 82 7 8
9 13 7 8
1 23 7 8
10 69 7 8
36 81 7 8
23 27 7 8
58 87 7 8
0 44 7 8
36 43 7 8
55 99 7 8
57 89 7 8
0 14 7 8
61 89 7 8
45 66 7 8
10 41 7 8
3 90 7 8
53 63 7 8
3 63 7 8
47 76 7 8
45 87 7 8
15 62 7 8
10 37 7 8
53 60 7 8
26 89 7 8
12 79 7 8
55 68 7 8
1 41 8 8
5 30 8 8
6 30 8 8
10 35 8 8
11 75 8 8
13 69 8 8
14 88 8 8
17 32 8 8
19 40 8 8
20 50 8 8
24 76 8 8
28 42 8 8
33 95 8 8
38 55 8 8
39 75 8 8
42 66 8 8
47 58 8 8
50 51 8 8
53 84 8 8
57 99 8 8
82 85 8 8
92 98 8 8
6 90 8 8
16 93 8 8
36 68 8 8
55 67 8 8
14 73 8 8
36 44 8 8
96 98 8 8
8 19 8 8
16 49 8 8
29 60 8 8
56 58 8 8
78 94 8 8
26 98 8 8
43 50 8 8
94 99 8 8
10 55 8 8
3 94 8 8
9 90 8 8
30 46 8 8
71 83 8 8
8 44 8 8
26 86 8 8
37 85 8 8
74 92 8 8
20 24 8 8
26 92 8 8
48 78 8 8
17 64 8 8
21 42 8 8
33 87 8 8
52 82 8 8
5 74 8 8
37 93 8 8
36 53 8 8
53 56 8 8
69 92 8 8
32 79 8 8
46 98 8 8
62 87 8 8
36 89 8 8
67 79 8 8
11 42 8 8
17 96 8 8
54 92 8 8
76 89 8 8
6 67 8 8
3 26 8 8
1 35 8 8
15 24 8 8
20 39 8 8
29 42 8 8
48 98 8 8
58 89 8 8
76 79 8 8
65 81 8 8
50 56 8 8
46 58 8 8
7 23 8 8
78 83 8 8
36 73 8 8
66 85 8 8
55 82 8 8
34 59 8 8
65 91 8 8
24 77 8 8
6 21 8 8
18 63 8 8
22 49 8 8
12 94 8 8
17 56 8 8
23 54 8 8
64 78 8 8
22 37 8 8
37 98 8 8
86 91 8 8
0 9 8 8
10 60 8 8
16 95 8 8
25 90 8 8
38 90 8 8
25 79 8 8
7 30 8 8
14 91 8 8
35 91 8 8
66 95 8 8
29 49 8 8
3 71 8 8
10 77 8 8
22 47 8 8
37 48 8 8
53 73 8 8
4 15 8 8
41 59 8 8
61 72 8 8
71 98 8 8
51 59 8 8
37 39 8 8
48 68 8 8
26 70 8 8
41 99 8 8
1 53 8 8
17 33 8 8
55 78 8 8
7 78 8 8
21 70 8 8
66 76 8 8
4 48 8 8
93 96 8 8
76 97 8 8
21 23 8 8
28 71 8 8
45 96 8 8
24 72 8 8
28 55 8 8
16 38 8 8
35 79 8 8
42 99 8 8
51 91 8 8
9 57 8 8
41 67 8 8
56 62 8 8
82 89 8 8
6 13 8 8
24 55 8 8
36 71 8 8
67 82 8 8
43 89 8 8
49 98 8 8
24 32 8 8
17 50 8 8
31 39 8 8
44 55 8 8
72 94 8 8
79 80 8 8
52 59 8 8
11 22 8 8
71 79 8 8
0 37 8 8
38 59 8 8
56 67 8 8
20 79 8 8
33 54 8 8
34 39 8 8
1 25 8 8
33 55 8 8
29 77 8 8
11 83 8 8
28 66 8 8
39 82 8 8
54 83 8 8
15 83 8 8
26 63 8 8
7 42 8 8
82 84 8 8
1 77 8 8
3 5 8 8
15 68 8 8
44 56 8 8
73 92 8 8
27 32 8 8
20 75 8 8
3 44 8 8
9 37 8 8
13 29 8 8
7 90 8 8
2 30 8 8
8 82 8 8
20 66 8 8
59 98 8 8
90 98 8 8
20 26 8 8
11 21 8 8
28 44 8 8
42 46 8 8
92 94 8 8
10 39 8 8
57 65 8 8
31 57 8 8
54 59 8 8
32 46 8 8
39 49 8 8
39 71 8 8
57 95 8 8
70 90 8 8
2 58 8 8
64 89 8 8
76 82 8 8
1 26 8 8
89 91 8 8
6 71 8 8
17 68 8 8
34 83 8 8
45 97 8 8
74 77 8 8
12 32 8 8
28 50 8 8
34 61 8 8
53 57 8 8
4 35 8 8
90 92 8 8
7 52 8 8
12 98 8 8
28 77 8 8
64 68 8 8
81 98 8 8
0 98 8 8
38 70 8 8
0 56 8 8
0 2 8 8
1 44 8 8
22 97 8 8
29 52 8 8
50 64 8 8
52 76 8 8
62 64 8 8
7 21 8 8
21 38 8 8
42 74 8 8
54 65 8 8
19 61 8 8
3 25 8 8
16 64 8 8
33 39 8 8
60 63 8 8
91 99 8 8
65 70 8 8
82 95 8 8
0 91 8 8
43 77 8 8
27 55 8 8
24 85 8 8
81 94 8 8
19 87 8 8
34 80 8 8
31 55 8 8
73 83 8 8
27 57 8 8
30 89 8 8
9 97 8 8
4 14 8 8
31 33 8 8
45 57 8 8
23 90 8 8
36 77 8 8
59 84 8 8
19 38 8 8
85 92 8 8
1 43 8 8
89 94 8 8
68 83 8 8
35 67 8 8
1 15 8 8
3 73 8 8
12 81 8 8
74 88 8 8
14 63 8 8
11 58 8 8
4 83 8 8
11 73 8 8
14 25 8 8
1 62 8 8
5 54 8 8
24 27 8 8
70 92 8 8
14 85 8 8
38 67 8 8
12 35 8 8
34 73 8 8
26 43 8 8
13 74 8 8
77 84 8 8
9 77 8 8
34 88 8 8
41 54 8 8
35 49 8 8
11 85 8 8
49 63 8 8
81 85 8 8
10 57 8 8
32 38 8 8
12 61 8 8
37 67 8 8
27 41 8 8
27 56 8 8
44 83 8 8
73 81 8 8
45 70 8 8
29 41 8 8
22 43 8 8
27 51 8 8
6 63 8 8
43 90 8 8
42 76 8 8
39 67 8 8
26 99 8 8
41 87 8 8
60 64 8 8
58 63 8 8
1 29 0 9
3 34 0 9
5 42 0 9
10 87 0 9
14 40 0 9
16 75 0 9
23 84 0 9
25 47 0 9
28 30 0 9
32 36 0 9
35 96 0 9
40 75 0 9
44 85 0 9
49 87 0 9
53 58 0 9
76 83 0 9
4 40 1 9
11 64 1 9
24 64 1 9
42 53 1 9
45 65 1 9
51 68 1 9
57 76 1 9
64 81 1 9
10 20 1 9
29 91 1 9
84 86 1 9
0 69 2 9
2 35 2 9
7 94 2 9
10 27 2 9
15 80 2 9
19 85 2 9
26 35 2 9
35 43 2 9
40 44 2 9
43 65 2 9
47 99 2 9
62 99 2 9
74 87 2 9
4 51 2 9
29 76 2 9
16 65 2 9
28 78 2 9
76 93 2 9
22 34 2 9
35 84 2 9
54 91 2 9
2 31 3 9
3 79 3 9
8 60 3 9
9 51 3 9
15 40 3 9
15 91 3 9
20 22 3 9
24 25 3 9
25 85 3 9
30 75 3 9
39 55 3 9
52 90 3 9
59 81 3 9
70 99 3 9
75 84 3 9
84 87 3 9
4 7 3 9
14 75 3 9
45 93 3 9
3 65 3 9
15 89 3 9
1 11 3 9
31 74 3 9
31 84 3 9
5 64 3 9
28 99 3 9
48 88 3 9
75 81 3 9
10 33 3 9
32 75 3 9
52 85 3 9
74 80 3 9
0 75 3 9
0 90 4 9
4 32 4 9
5 69 4 9
6 83 4 9
9 84 4 9
16 85 4 9
22 33 4 9
26 28 4 9
27 60 4 9
30 72 4 9
40 43 4 9
46 55 4 9
50 62 4 9
55 86 4 9
57 90 4 9
67 85 4 9
83 84 4 9
93 97 4 9
36 42 4 9
71 73 4 9
28 41 4 9
51 98 4 9
80 85 4 9
20 34 4 9
21 87 4 9
18 34 4 9
49 84 4 9
56 68 4 9
91 96 4 9
25 62 4 9
13 63 4 9
35 73 4 9
16 23 4 9
2 10 4 9
23 66 4 9
45 76 4 9
61 73 4 9
6 57 4 9
44 86 4 9
66 90 4 9
4 43 4 9
26 65 4 9
46 60 4 9
73 75 4 9
54 64 4 9
1 97 4 9
26 33 4 9
51 63 4 9
18 56 4 9
1 32 5 9
4 79 5 9
9 19 5 9
11 14 5 9
13 35 5 9
15 70 5 9
24 47 5 9
25 27 5 9
29 95 5 9
34 38 5 9
37 42 5 9
39 90 5 9
47 93 5 9
55 97 5 9
60 81 5 9
63 86 5 9
71 76 5 9
81 96 5 9
6 40 5 9
28 80 5 9
0 87 5 9
8 79 5 9
21 94 5 9
3 81 5 9
23 32 5 9
61 88 5 9
16 47 5 9
31 38 5 9
35 42 5 9
73 97 5 9
1 95 5 9
6 45 5 9
40 68 5 9
29 45 5 9
2 77 5 9
32 56 5 9
64 69 5 9
15 66 5 9
41 43 5 9
70 94 5 9
18 43 5 9
33 35 5 9
12 15 5 9
62 98 5 9
17 76 5 9
17 28 5 9
70 79 5 9
95 97 5 9
9 47 5 9
22 85 5 9
40 85 5 9
11 98 5 9
49 69 5 9
31 86 5 9
48 83 5 9
93 99 5 9
53 79 5 9
17 89 5 9
9 60 5 9
39 80 5 9
15 86 5 9
48 64 5 9
61 83 5 9
51 75 5 9
4 8 5 9
12 26 5 9
81 93 5 9
55 75 5 9
2 41 6 9
10 48 6 9
16 24 6 9
22 63 6 9
25 88 6 9
29 74 6 9
32 95 6 9
34 94 6 9
43 62 6 9
45 84 6 9
56 92 6 9
63 76 6 9
67 68 6 9
79 99 6 9
5 27 6 9
33 50 6 9
17 49 6 9
90 97 6 9
35 93 6 9
59 77 6 9
3 46 6 9
21 82 6 9
50 57 6 9
13 24 6 9
58 93 6 9
92 99 6 9
19 97 6 9
40 82 6 9
52 70 6 9
1 36 6 9
40 83 6 9
65 95 6 9
39 84 6 9
5 34 6 9
22 83 6 9
28 94 6 9
23 88 6 9
0 50 6 9
20 46 6 9
22 42 6 9
66 73 6 9
48 53 6 9
61 81 6 9
78 93 6 9
15 16 6 9
41 93 6 9
54 84 6 9
6 41 6 9
35 74 6 9
79 93 6 9
7 65 6 9
13 79 6 9
63 73 6 9
3 28 6 9
9 22 6 9
8 94 6 9
29 73 6 9
46 49 6 9
14 28 6 9
11 36 6 9
89 95 6 9
4 9 6 9
45 75 6 9
37 55 6 9
31 34 6 9
50 85 6 9
69 77 6 9
11 47 6 9
9 88 6 9
81 92 6 9
7 71 6 9
43 67 6 9
2 59 6 9
36 56 6 9
60 76 6 9
47 49 6 9
20 97 6 9
4 78 6 9
22 32 6 9
38 61 6 9
52 65 6 9
34 93 6 9
42 67 6 9
92 93 6 9
5 90 6 9
16 73 6 9
50 93 6 9
34 67 6 9
63 95 6 9
34 78 6 9
23 24 6 9
21 67 6 9
48 72 6 9
0 52 6 9
72 83 6 9
1 28 6 9
0 78 6 9
34 92 6 9
66 82 6 9
41 84 6 9
7 35 6 9
5 95 6 9
62 95 6 9
0 27 7 9
3 62 7 9
6 22 7 9
10 91 7 9
14 45 7 9
20 99 7 9
24 59 7 9
27 80 7 9
40 78 7 9
45 67 7 9
54 89 7 9
65 75 7 9
35 52 7 9
0 20 7 9
24 28 7 9
9 35 7 9
34 86 7 9
40 50 7 9
5 51 7 9
19 83 7 9
30 74 7 9
78 88 7 9
51 89 7 9
30 92 7 9
15 81 7 9
30 69 7 9
84 98 7 9
11 95 7 9
31 83 7 9
54 74 7 9
21 88 7 9
50 58 7 9
96 99 7 9
35 50 7 9
8 69 7 9
22 84 7 9
46 70 7 9
89 98 7 9
0 35 7 9
32 33 7 9
48 63 7 9
82 93 7 9
19 96 7 9
94 97 7 9
14 97 7 9
46 76 7 9
46 80 7 9
10 67 7 9
20 58 7 9
49 97 7 9
48 49 7 9
9 78 7 9
19 33 7 9
38 85 7 9
47 62 7 9
11 51 7 9
4 6 7 9
51 81 7 9
0 67 7 9
29 62 7 9
47 54 7 9
2 73 7 9
14 60 7 9
46 81 7 9
2 52 7 9
90 96 7 9
2 55 7 9
8 53 7 9
31 68 7 9
59 89 7 9
9 86 7 9
20 49 7 9
46 73 7 9
65 73 7 9
56 86 7 9
2 50 7 9
41 92 7 9
6 93 7 9
55 98 7 9
10 40 7 9
23 91 7 9
14 96 7 9
50 84 7 9
41 42 7 9
2 81 7 9
27 30 7 9
36 64 7 9
63 89 7 9
61 74 7 9
19 39 7 9
14 24 7 9
0 61 7 9
31 77 7 9
11 72 7 9
30 41 7 9
64 67 7 9
3 51 7 9
54 67 7 9
1 71 7 9
10 98 7 9
41 76 7 9
8 27 7 9
10 73 7 9
23 59 7 9
31 81 7 9
75 77 7 9
54 94 7 9
3 80 7 9
26 37 7 9
39 44 7 9
54 71 7 9
13 41 7 9
35 55 7 9
16 68 7 9
52 53 7 9
19 34 7 9
20 27 7 9
35 65 7 9
56 61 7 9
30 71 7 9
41 79 7 9
19 37 7 9
71 77 7 9
7 88 7 9
30 49 7 9
20 33 7 9
8 63 7 9
4 31 7 9
22 91 7 9
38 75 7 9
50 97 7 9
6 49 7 9
38 60 7 9
53 61 7 9
17 47 7 9
21 80 7 9
76 87 7 9
79 83 7 9
28 56 7 9
18 24 7 9
19 70 7 9
32 54 7 9
4 87 7 9
18 25 7 9
13 82 7 9
15 97 7 9
25 69 7 9
0 16 8 9
4 19 8 9
6 70 8 9
8 13 8 9
13 95 8 9
17 75 8 9
23 64 8 9
27 52 8 9
31 42 8 9
39 53 8 9
46 63 8 9
55 83 8 9
88 93 8 9
13 53 8 9
67 78 8 9
18 95 8 9
45 54 8 9
1 33 8 9
42 94 8 9
2 66 8 9
13 75 8 9
53 98 8 9
77 93 8 9
5 89 8 9
19 46 8 9
0 4 8 9
18 89 8 9
1 4 8 9
17 34 8 9
32 52 8 9
55 57 8 9
27 35 8 9
22 98 8 9
53 59 8 9
14 86 8 9
40 76 8 9
1 52 8 9
66 89 8 9
44 58 8 9
0 66 8 9
20 61 8 9
85 93 8 9
14 16 8 9
54 61 8 9
28 46 8 9
36 37 8 9
87 90 8 9
28 35 8 9
5 61 8 9
34 47 8 9
98 99 8 9
34 90 8 9
3 12 8 9
56 95 8 9
80 90 8 9
7 99 8 9
18 88 8 9
26 66 8 9
31 65 8 9
46 52 8 9
11 46 8 9
33 46 8 9
45 80 8 9
77 97 8 9
26 60 8 9
49 61 8 9
45 62 8 9
49 56 8 9
16 19 8 9
0 21 8 9
23 31 8 9
43 99 8 9
72 99 8 9
15 54 8 9
4 21 8 9
35 45 8 9
59 83 8 9
25 83 8 9
15 99 8 9
38 53 8 9
7 27 8 9
49 83 8 9
21 27 8 9
28 97 8 9
84 96 8 9
22 71 8 9
51 93 8 9
48 82 8 9
47 89 8 9
25 84 8 9
34 58 8 9
3 56 8 9
33 42 8 9
10 95 8 9
65 67 8 9
18 41 8 9
61 80 8 9
11 77 8 9
38 63 8 9
36 96 8 9
11 49 8 9
84 93 8 9
17 43 8 9
88 96 8 9
20 56 8 9
26 57 8 9
50 72 8 9
12 71 8 9
68 87 8 9
6 55 8 9
46 77 8 9
5 26 8 9
1 46 8 9
2 98 8 9
6 65 8 9
30 86 8 9
73 98 8 9
13 38 8 9
57 96 8 9
57 75 8 9
23 33 8 9
15 65 8 9
18 93 8 9
39 62 8 9
39 85 8 9
2 8 8 9
6 60 8 9
28 38 8 9
42 47 8 9
57 98 8 9
74 91 8 9
10 70 8 9
39 46 8 9
24 36 8 9
68 69 8 9
17 52 8 9
25 30 8 9
43 72 8 9
9 68 8 9
55 84 8 9
17 31 8 9
31 98 8 9
46 88 8 9
55 80 8 9
5 32 8 9
20 53 8 9
49 62 8 9
13 18 8 9
68 74 8 9
12 76 8 9
34 41 8 9
64 85 8 9
9 63 8 9
35 98 8 9
64 86 8 9
30 48 8 9
51 96 8 9
10 21 8 9
9 43 8 9
19 55 8 9
12 37 8 9
41 63 8 9
56 84 8 9
8 39 8 9
87 91 8 9
43 68 8 9
36 61 8 9
2 36 8 9
23 45 8 9
4 93 8 9
50 86 8 9
13 15 8 9
0 68 8 9
19 75 8 9
27 68 8 9
39 40 8 9
52 97 8 9
75 99 8 9
43 78 8 9
37 88 8 9
59 97 8 9
12 33 8 9
5 17 8 9
0 95 8 9
1 70 8 9
45 71 8 9
63 67 8 9
3 72 8 9
18 29 8 9
39 97 8 9
58 70 8 9
40 61 8 9
8 29 8 9
30 66 8 9
46 97 8 9
51 94 8 9
2 33 8 9
16 79 8 9
34 43 8 9
77 85 8 9
49 81 8 9
26 27 8 9
48 94 8 9
45 58 8 9
13 17 8 9
52 61 8 9
19 53 8 9
2 57 8 9
63 85 8 9
5 50 8 9
40 96 8 9
25 26 8 9
26 59 8 9
26 79 8 9
68 95 8 9
15 98 8 9
0 41 9 9
9 33 9 9
12 72 9 9
17 46 9 9
19 54 9 9
23 86 9 9
30 36 9 9
35 36 9 9
50 91 9 9
57 60 9 9
60 89 9 9
68 75 9 9
71 87 9 9
86 97 9 9
10 72 9 9
24 48 9 9
43 73 9 9
12 62 9 9
29 51 9 9
1 16 9 9
18 20 9 9
38 58 9 9
0 63 9 9
17 99 9 9
47 64 9 9
23 74 9 9
69 71 9 9
0 96 9 9
18 23 9 9
29 86 9 9
49 85 9 9
85 97 9 9
80 98 9 9
80 97 9 9
31 75 9 9
45 50 9 9
6 26 9 9
34 50 9 9
57 68 9 9
25 54 9 9
55 93 9 9
1 83 9 9
5 88 9 9
6 12 9 9
36 78 9 9
64 72 9 9
1 8 9 9
23 85 9 9
3 48 9 9
11 55 9 9
0 57 9 9
7 17 9 9
50 98 9 9
17 97 9 9
7 39 9 9
39 63 9 9
82 88 9 9
2 27 9 9
36 95 9 9
59 78 9 9
13 48 9 9
2 72 9 9
17 20 9 9
31 36 9 9
62 88 9 9
42 95 9 9
68 98 9 9
46 65 9 9
30 55 9 9
12 83 9 9
48 86 9 9
5 62 9 9
27 72 9 9
57 63 9 9
6 10 9 9
2 24 9 9
21 30 9 9
0 99 9 9
4 18 9 9
13 72 9 9
42 84 9 9
90 94 9 9
19 81 9 9
15 26 9 9
3 70 9 9
54 87 9 9
19 74 9 9
63 64 9 9
53 62 9 9
70 89 9 9
28 48 9 9
84 99 9 9
33 67 9 9
18 67 9 9
4 34 9 9
23 44 9 9
35 89 9 9
22 69 9 9
4 33 9 9
25 35 9 9
6 94 9 9
54 80 9 9
49 68 9 9
86 99 9 9
33 65 9 9
2 51 9 9
10 68 9 9
26 85 9 9
42 50 9 9
1 13 9 9
21 90 9 9
78 97 9 9
31 61 9 9
71 97 9 9
31 62 9 9
11 80 9 9
69 81 9 9
14 83 9 9
15 51 9 9
29 85 9 9
37 78 9 9
15 28 9 9
22 79 9 9
75 94 9 9
7 33 9 9
19 28 9 9
10 30 9 9
1 67 9 9
17 72 9 9
55 87 9 9
47 91 9 9
5 92 9 9
18 51 9 9
51 62 9 9
38 64 9 9
56 91 9 9
11 71 9 9
48 51 9 9
32 84 9 9
24 98 9 9
71 74 9 9
32 77 9 9
53 75 9 9
27 78 9 9
67 99 9 9
3 87 9 9
0 18 9 9
0 1 9 9
9 44 9 9
7 12 9 9
21 89 9 9
42 89 9 9
4 22 9 9
13 46 9 9
32 40 9 9
1 92 9 9
52 95 9 9
0 49 9 9
2 74 9 9
55 90 9 9
75 97 9 9
11 62 9 9
33 44 9 9
60 66 9 9
23 39 9 9
5 93 9 9
54 75 9 9
11 76 9 9
62 85 9 9
42 44 9 9
5 99 9 9
41 68 9 9
65 96 9 9
34 42 9 9
27 77 9 9
76 94 9 9
68 84 9 9
7 82 9 9
18 21 9 9
45 53 9 9
60 93 9 9
24 88 9 9
0 65 9 9
42 54 9 9
47 51 9 9
32 39 9 9
37 80 9 9
57 80 9 9
22 23 9 9
20 36 9 9
50 66 9 9
24 61 9 9
11 19 9 9
21 71 9 9
25 81 9 9
24 49 9 9
86 96 9 9
17 41 9 9
23 87 9 9
9 58 9 9
55 73 9 9
26 88 9 9
17 71 9 9
44 99 9 9
2 45 9 9
13 39 9 9
22 36 9 9
73 88 9 9
29 37 9 9
40 92 9 9
72 92 9 9
19 58 9 9
18 79 9 9
64 70 9 9
58 72 9 9
4 58 9 9
77 87 9 9
6 81 9 9
11 96 9 9
12 53 9 9
13 71 9 9
11 33 9 9
44 72 9 9
23 26 9 9
3 83 9 9
43 83 9 9
56 60 9 9
12 17 9 9
7 59 9 9
31 32 9 9
52 62 9 9
72 87 9 9
5 29 9 9
24 93 9 9
50 89 9 9
7 13 9 9
30 33 9 9
78 91 9 9
40 73 9 9
10 56 9 9
22 90 9 9
42 61 9 9
56 93 9 9
13 32 9 9
8 12 9 9
0 7 9 9
38 45 9 9
56 88 9 9
34 87 9 9
49 65 9 9
12 96 9 9
11 50 9 9
17 91 9 9
16 92 9 9
51 60 9 9
9 50 9 9
19 42 9 9
24 30 9 9
11 78 9 9
12 24 9 9
8 87 9 9
19 99 9 9
5 43 9 9
29 40 9 9
4 37 9 9
22 75 9 9
10 17 9 9
38 50 9 9
0 8 9 9
12 70 9 9
44 80 9 9
57 82 9 9
27 31 9 9
3 50 9 9
52 96 9 9
69 79 9 9
85 99 9 9
1 18 9 9
51 77 9 9
10 13 9 9
33 75 9 9
6 75 9 9
37 70 9 9
82 87 9 9
59 87 9 9
35 92 9 9
90 93 9 9
86 92 9 9
76 78 9 9
22 59 9 9
20 89 9 9
38 68 9 9
61 95 9 9
38 49 9 9
32 78 9 9
61 65 9 9
27 29 9 9
35 58 9 9
55 71 9 9
0 64 9 9
9 94 9 9
75 82 9 9
55 99 9 9
10 41 9 9
24 76 9 9
82 85 9 9
36 68 9 9
16 49 9 9
94 99 9 9
26 92 9 9
32 79 9 9
67 79 9 9
76 89 9 9
20 39 9 9
50 56 9 9
24 77 9 9
17 56 9 9
37 98 9 9
25 79 9 9
10 77 9 9
26 70 9 9
55 78 9 9
21 23 9 9
28 55 9 9
52 59 9 9
34 39 9 9
11 83 9 9
73 92 9 9
13 29 9 9
59 98 9 9
31 57 9 9
57 95 9 9
6 71 9 9
74 77 9 9
81 98 9 9
29 52 9 9
82 95 9 9
19 87 9 9
4 14 9 9
59 84 9 9
68 83 9 9
14 63 9 9
9 77 9 9
42 76 9 9
58 63 9 9
